No._nodes:             1985
Nodal_coords:
0 0 
60 0 
60 22.5 
55 22.5 
55 27.5 
60 27.5 
60 50 
0 50 
0 27.5 
5 27.5 
5 22.5 
0 22.5 
1.25 0 
2.5 0 
3.75 0 
5 0 
6.25 0 
7.5 0 
8.75 0 
10 0 
11.25 0 
12.5 0 
13.75 0 
15 0 
16.25 0 
17.5 0 
18.75 0 
20 0 
21.25 0 
22.5 0 
23.75 0 
25 0 
26.25 0 
27.5 0 
28.75 0 
30 0 
31.25 0 
32.5 0 
33.75 0 
34.99999999999999 0 
36.25 0 
37.5 0 
38.75 0 
40 0 
41.25 0 
42.49999999999999 0 
43.75 0 
45 0 
46.25 0 
47.5 0 
48.75 0 
49.99999999999999 0 
51.25 0 
52.5 0 
53.75 0 
55 0 
56.25 0 
57.49999999999999 0 
58.75 0 
60 1.25 
60 2.5 
60 3.75 
60 5 
60 6.25 
60 7.5 
60 8.75 
60 10 
60 11.25 
60 12.5 
60 13.75 
60 15 
60 16.25 
60 17.5 
60 18.75 
60 20 
60 21.25 
58.75 22.5 
57.5 22.5 
56.25 22.5 
55 23.75 
55 25 
55 26.25 
56.25 27.5 
57.5 27.5 
58.75 27.5 
60 28.75 
60 30 
60 31.25 
60 32.5 
60 33.75 
60 35 
60 36.25 
60 37.5 
60 38.75 
60 40 
60 41.25 
60 42.5 
60 43.75 
60 45 
60 46.25 
60 47.5 
60 48.75 
58.75 50 
57.5 50 
56.25 50 
55 50 
53.75 50 
52.5 50 
51.25 50 
50 50 
48.75 50 
47.5 50 
46.25 50 
45 50 
43.75 50 
42.5 50 
41.25 50 
40 50 
38.75 50 
37.5 50 
36.25 50 
35 50 
33.75 50 
32.5 50 
31.25 50 
30 50 
28.75 50 
27.5 50 
26.25 50 
25.00000000000001 50 
23.75 50 
22.5 50 
21.25 50 
20 50 
18.75 50 
17.50000000000001 50 
16.25 50 
15 50 
13.75 50 
12.5 50 
11.25 50 
10.00000000000001 50 
8.75 50 
7.5 50 
6.25 50 
5 50 
3.75 50 
2.500000000000007 50 
1.25 50 
0 48.75 
0 47.5 
0 46.25 
0 45 
0 43.75 
0 42.5 
0 41.25 
0 40 
0 38.75 
0 37.5 
0 36.25 
0 35 
0 33.75 
0 32.5 
0 31.25 
0 30 
0 28.75 
1.25 27.5 
2.5 27.5 
3.75 27.5 
5 26.25 
5 25 
5 23.75 
3.75 22.5 
2.5 22.5 
1.25 22.5 
0 21.25 
0 20 
0 18.75 
0 17.5 
0 16.25 
0 15 
0 13.75 
0 12.5 
0 11.25 
0 10 
0 8.75 
0 7.5 
0 6.25 
0 5.000000000000004 
0 3.75 
0 2.5 
0 1.25 
6.25 22.5 
7.5 22.5 
8.75 22.5 
10 22.5 
11.25 22.5 
12.5 22.5 
13.75 22.5 
15 22.5 
16.25 22.5 
17.5 22.5 
18.75 22.5 
20 22.5 
21.25 22.5 
22.5 22.5 
23.75 22.5 
25 22.5 
26.25 22.5 
27.5 22.5 
28.75 22.5 
30 22.5 
31.25 22.5 
32.5 22.5 
33.75 22.5 
35 22.5 
36.25 22.5 
37.5 22.5 
38.75 22.5 
40 22.5 
41.25 22.5 
42.5 22.5 
43.75 22.5 
45 22.5 
46.25 22.5 
47.50000000000001 22.5 
48.75 22.5 
50 22.5 
51.25 22.5 
52.5 22.5 
53.75 22.5 
6.25 27.5 
7.5 27.5 
8.75 27.5 
10 27.5 
11.25 27.5 
12.5 27.5 
13.75 27.5 
15 27.5 
16.25 27.5 
17.5 27.5 
18.75 27.5 
20 27.5 
21.25 27.5 
22.5 27.5 
23.75 27.5 
25 27.5 
26.25 27.5 
27.5 27.5 
28.75 27.5 
30 27.5 
31.25 27.5 
32.5 27.5 
33.75 27.5 
35 27.5 
36.25 27.5 
37.5 27.5 
38.75 27.5 
40 27.5 
41.25 27.5 
42.5 27.5 
43.75 27.5 
45 27.5 
46.25 27.5 
47.50000000000001 27.5 
48.75 27.5 
50 27.5 
51.25 27.5 
52.5 27.5 
53.75 27.5 
2.500000000000007 47.5 
2.500000000000011 45 
2.500000000000004 42.5 
2.500000000000004 40 
2.500000000000004 37.5 
2.500000000000007 35 
2.500000000000011 32.5 
2.500000000000004 30 
5 47.5 
4.999999999999996 45 
5 42.5 
5 40 
5 37.5 
5 35 
4.999999999999996 32.5 
5 30 
7.499999999999993 47.5 
7.5 45 
7.5 42.5 
7.5 40 
7.5 37.5 
7.499999999999996 35 
7.5 32.5 
7.499999999999996 30 
10.00000000000001 47.5 
10.00000000000001 45 
10.00000000000001 42.5 
10.00000000000001 40 
10.00000000000001 37.5 
10.00000000000001 35 
10 32.50000000000001 
10 30 
12.5 47.5 
12.5 45 
12.5 42.5 
12.5 40 
12.5 37.5 
12.5 35 
12.5 32.5 
12.5 30 
15 47.5 
15.00000000000001 45 
15 42.5 
15 40 
15 37.5 
15 35 
15 32.5 
15 30 
17.50000000000001 47.5 
17.50000000000001 45 
17.50000000000001 42.5 
17.5 40 
17.50000000000001 37.5 
17.5 35 
17.5 32.5 
17.5 30 
20 47.5 
20 45 
20 42.5 
20 40 
20 37.5 
20 35 
20 32.5 
20 30 
22.5 47.5 
22.5 45 
22.5 42.5 
22.5 40 
22.5 37.5 
22.5 35 
22.5 32.5 
22.5 30 
25.00000000000001 47.5 
25.00000000000001 45 
25.00000000000001 42.5 
25 40 
25 37.5 
25 35 
25 32.5 
25 30 
27.5 47.5 
27.5 45 
27.5 42.5 
27.5 40 
27.5 37.5 
27.5 35 
27.5 32.5 
27.5 30 
30 47.5 
30 45 
30 42.5 
30 40 
30 37.5 
30 35 
30 32.5 
30 30 
32.5 47.5 
32.5 45 
32.5 42.5 
32.5 40 
32.5 37.5 
32.50000000000001 35 
32.5 32.5 
32.5 30 
35 47.5 
35 45 
35 42.5 
35 40 
35 37.5 
35.00000000000001 35 
35.00000000000001 32.5 
35 30 
37.5 47.5 
37.5 45 
37.5 42.5 
37.5 40 
37.5 37.5 
37.5 35 
37.5 32.5 
37.5 30 
40 47.5 
40 45 
40 42.5 
40 40 
40 37.5 
40 35 
40 32.5 
40 30 
42.5 47.5 
42.50000000000001 45 
42.50000000000001 42.5 
42.5 40 
42.5 37.5 
42.5 35 
42.5 32.5 
42.5 30 
45 47.5 
44.99999999999999 45 
45 42.5 
45 40 
45 37.5 
45 35 
45 32.5 
45 30 
47.5 47.5 
47.5 44.99999999999999 
47.5 42.5 
47.5 40 
47.50000000000001 37.5 
47.50000000000001 35 
47.50000000000001 32.5 
47.50000000000001 30 
50 47.5 
50 45 
49.99999999999999 42.5 
50 40 
50 37.5 
50 35 
50 32.5 
50 30 
52.5 47.5 
52.5 45 
52.5 42.5 
52.5 40 
52.5 37.5 
52.5 35 
52.5 32.5 
52.5 30 
55 47.5 
55.00000000000001 44.99999999999999 
55 42.5 
55 40 
55 37.5 
55 35 
55 32.5 
55 30 
57.5 47.5 
57.5 45 
57.5 42.5 
57.5 40 
57.5 37.5 
57.5 35 
57.5 32.5 
57.5 30 
1.250000000000004 47.5 
2.500000000000007 48.75 
1.250000000000007 48.75 
1.250000000000007 45 
2.500000000000007 46.25 
1.25 46.25 
1.25 42.5 
2.500000000000007 43.75 
1.250000000000004 43.75 
1.25 40 
2.500000000000004 41.25 
1.25 41.25 
1.25 37.5 
2.500000000000004 38.75 
1.25 38.75 
1.250000000000004 35 
2.500000000000007 36.25 
1.250000000000007 36.25 
1.250000000000007 32.5 
2.500000000000007 33.75 
1.25 33.75 
1.25 30 
2.500000000000007 31.25 
1.250000000000004 31.25 
2.5 28.75 
1.25 28.75 
3.750000000000004 47.5 
5 48.75 
3.75 48.75 
3.750000000000004 45 
5 46.25 
3.750000000000004 46.25 
3.75 42.5 
5 43.75 
3.75 43.75 
3.75 40 
5 41.25 
3.75 41.25 
3.75 37.5 
5 38.75 
3.75 38.75 
3.750000000000004 35 
5 36.25 
3.75 36.25 
3.750000000000004 32.5 
5 33.75 
3.750000000000004 33.75 
3.75 30 
5 31.25 
3.75 31.25 
5 28.75 
3.75 28.75 
6.249999999999996 47.5 
7.499999999999996 48.75 
6.249999999999996 48.75 
6.25 45 
7.499999999999996 46.25 
6.249999999999996 46.25 
6.25 42.5 
7.5 43.75 
6.25 43.75 
6.25 40 
7.5 41.25 
6.25 41.25 
6.25 37.5 
7.5 38.75 
6.25 38.75 
6.25 35 
7.5 36.25 
6.25 36.25 
6.25 32.5 
7.5 33.75 
6.25 33.75 
6.25 30 
7.5 31.25 
6.25 31.25 
7.5 28.75 
6.25 28.75 
8.75 47.5 
10.00000000000001 48.75 
8.75 48.75 
8.750000000000004 45 
10.00000000000001 46.25 
8.750000000000004 46.25 
8.750000000000007 42.5 
10.00000000000001 43.75 
8.75 43.75 
8.750000000000004 40 
10.00000000000001 41.25 
8.750000000000007 41.25 
8.750000000000004 37.5 
10.00000000000001 38.75 
8.750000000000007 38.75 
8.75 35 
10.00000000000001 36.25 
8.750000000000007 36.25 
8.75 32.50000000000001 
10 33.75 
8.75 33.75 
8.75 30 
10 31.25 
8.75 31.25 
10 28.75 
8.75 28.75 
11.25 47.5 
12.5 48.75 
11.25 48.75 
11.25 45 
12.5 46.25 
11.25 46.25 
11.25 42.5 
12.5 43.75 
11.25 43.75 
11.25 40 
12.5 41.25 
11.25 41.25 
11.25 37.5 
12.5 38.75 
11.25 38.75 
11.25 35 
12.5 36.25 
11.25 36.25 
11.25 32.50000000000001 
12.5 33.75 
11.25 33.75 
11.25 30 
12.5 31.25 
11.25 31.25 
12.5 28.75 
11.25 28.75 
13.75 47.5 
15 48.75 
13.75 48.75 
13.75 45 
15 46.25 
13.75 46.25 
13.75 42.5 
15 43.75 
13.75 43.75 
13.75 40 
15 41.25 
13.75 41.25 
13.75 37.5 
15 38.75 
13.75 38.75 
13.75 35 
15 36.25 
13.75 36.25 
13.75 32.5 
15 33.75 
13.75 33.75 
13.75 30 
15 31.25 
13.75 31.25 
15 28.75 
13.75 28.75 
16.25 47.5 
17.50000000000001 48.75 
16.25 48.75 
16.25000000000001 45 
17.50000000000001 46.25 
16.25000000000001 46.25 
16.25 42.5 
17.50000000000001 43.75 
16.25000000000001 43.75 
16.25 40 
17.5 41.25 
16.25 41.25 
16.25 37.5 
17.50000000000001 38.75 
16.25 38.75 
16.25 35 
17.50000000000001 36.25 
16.25 36.25 
16.25 32.5 
17.5 33.75 
16.25 33.75 
16.25 30 
17.5 31.25 
16.25 31.25 
17.5 28.75 
16.25 28.75 
18.75 47.5 
20 48.75 
18.75 48.75 
18.75000000000001 45 
20 46.25 
18.75 46.25 
18.75 42.5 
20 43.75 
18.75 43.75 
18.75 40 
20 41.25 
18.75 41.25 
18.75 37.5 
20 38.75 
18.75 38.75 
18.75 35 
20 36.25 
18.75 36.25 
18.75 32.5 
20 33.75 
18.75 33.75 
18.75 30 
20 31.25 
18.75 31.25 
20 28.75 
18.75 28.75 
21.25 47.5 
22.5 48.75 
21.25 48.75 
21.25 45 
22.5 46.25 
21.25 46.25 
21.25 42.5 
22.5 43.75 
21.25 43.75 
21.25 40 
22.5 41.25 
21.25 41.25 
21.25 37.5 
22.5 38.75 
21.25 38.75 
21.25 35 
22.5 36.25 
21.25 36.25 
21.25 32.5 
22.5 33.75 
21.25 33.75 
21.25 30 
22.5 31.25 
21.25 31.25 
22.5 28.75 
21.25 28.75 
23.75 47.5 
25.00000000000001 48.75 
23.75 48.75 
23.75000000000001 45 
25.00000000000001 46.25 
23.75 46.25 
23.75 42.5 
25.00000000000001 43.75 
23.75000000000001 43.75 
23.75 40 
25 41.25 
23.75 41.25 
23.75 37.5 
25 38.75 
23.75 38.75 
23.75 35 
25 36.25 
23.75 36.25 
23.75 32.5 
25 33.75 
23.75 33.75 
23.75 30 
25 31.25 
23.75 31.25 
25 28.75 
23.75 28.75 
26.25 47.5 
27.5 48.75 
26.25 48.75 
26.25 45 
27.5 46.25 
26.25 46.25 
26.25 42.5 
27.5 43.75 
26.25 43.75 
26.25 40 
27.5 41.25 
26.25 41.25 
26.25 37.5 
27.5 38.75 
26.25 38.75 
26.25 35 
27.5 36.25 
26.25 36.25 
26.25 32.5 
27.5 33.75 
26.25 33.75 
26.25 30 
27.5 31.25 
26.25 31.25 
27.5 28.75 
26.25 28.75 
28.75 47.5 
30 48.75 
28.75 48.75 
28.75 45 
30 46.25 
28.75 46.25 
28.75 42.5 
30 43.75 
28.75 43.75 
28.75 40 
30 41.25 
28.75 41.25 
28.75 37.5 
30 38.75 
28.75 38.75 
28.75 35 
30 36.25 
28.75 36.25 
28.75 32.5 
30 33.75 
28.75 33.75 
28.75 30 
30 31.25 
28.75 31.25 
30 28.75 
28.75 28.75 
31.25 47.5 
32.5 48.75 
31.25 48.75 
31.25 45 
32.5 46.25 
31.25 46.25 
31.25 42.5 
32.5 43.75 
31.25 43.75 
31.25 40 
32.5 41.25 
31.25 41.25 
31.25 37.5 
32.5 38.75 
31.25 38.75 
31.25 35 
32.5 36.25 
31.25 36.25 
31.25 32.5 
32.5 33.75 
31.25 33.75 
31.25 30 
32.5 31.25 
31.25 31.25 
32.5 28.75 
31.25 28.75 
33.75 47.5 
35 48.75 
33.75 48.75 
33.75 45 
35 46.25 
33.75 46.25 
33.75 42.5 
35 43.75 
33.75 43.75 
33.75 40 
35 41.25 
33.75 41.25 
33.75 37.5 
35 38.75 
33.75 38.75 
33.75000000000001 35 
35.00000000000001 36.25 
33.75 36.25 
33.75 32.5 
35.00000000000001 33.75 
33.75000000000001 33.75 
33.75 30 
35.00000000000001 31.25 
33.75 31.25 
35 28.75 
33.75 28.75 
36.25 47.5 
37.5 48.75 
36.25 48.75 
36.25 45 
37.5 46.25 
36.25 46.25 
36.25 42.5 
37.5 43.75 
36.25 43.75 
36.25 40 
37.5 41.25 
36.25 41.25 
36.25 37.5 
37.5 38.75 
36.25 38.75 
36.25 35 
37.5 36.25 
36.25 36.25 
36.25 32.5 
37.5 33.75 
36.25 33.75 
36.25 30 
37.5 31.25 
36.25 31.25 
37.5 28.75 
36.25 28.75 
38.75 47.5 
40 48.75 
38.75 48.75 
38.75 45 
40 46.25 
38.75 46.25 
38.75 42.5 
40 43.75 
38.75 43.75 
38.75 40 
40 41.25 
38.75 41.25 
38.75 37.5 
40 38.75 
38.75 38.75 
38.75 35 
40 36.25 
38.75 36.25 
38.75 32.5 
40 33.75 
38.75 33.75 
38.75 30 
40 31.25 
38.75 31.25 
40 28.75 
38.75 28.75 
41.25 47.5 
42.5 48.75 
41.25 48.75 
41.25 45 
42.5 46.25 
41.25 46.25 
41.25 42.5 
42.50000000000001 43.75 
41.25 43.75 
41.25 40 
42.5 41.25 
41.25 41.25 
41.25 37.5 
42.5 38.75 
41.25 38.75 
41.25 35 
42.5 36.25 
41.25 36.25 
41.25 32.5 
42.5 33.75 
41.25 33.75 
41.25 30 
42.5 31.25 
41.25 31.25 
42.5 28.75 
41.25 28.75 
43.75 47.5 
45 48.75 
43.75 48.75 
43.75 45 
45 46.25 
43.75 46.25 
43.75 42.5 
45 43.75 
43.75 43.75 
43.75 40 
45 41.25 
43.75 41.25 
43.75 37.5 
45 38.75 
43.75 38.75 
43.75 35 
45 36.25 
43.75 36.25 
43.75 32.5 
45 33.75 
43.75 33.75 
43.75 30 
45 31.25 
43.75 31.25 
45 28.75 
43.75 28.75 
46.25 47.5 
47.5 48.75 
46.25 48.75 
46.25 45 
47.5 46.25 
46.25 46.25 
46.25 42.5 
47.5 43.75 
46.25 43.75 
46.25 40 
47.5 41.25 
46.25 41.25 
46.25 37.5 
47.50000000000001 38.75 
46.25 38.75 
46.25000000000001 35 
47.50000000000001 36.25 
46.25 36.25 
46.25000000000001 32.5 
47.50000000000001 33.75 
46.25000000000001 33.75 
46.25000000000001 30 
47.50000000000001 31.25 
46.25000000000001 31.25 
47.50000000000001 28.75 
46.25 28.75 
48.75 47.5 
50 48.75 
48.75 48.75 
48.75 45 
50 46.25 
48.75 46.25 
48.75 42.5 
50 43.75 
48.75 43.75 
48.75 40 
49.99999999999999 41.25 
48.74999999999999 41.25 
48.75 37.5 
50 38.75 
48.75 38.75 
48.75 35 
50 36.25 
48.75 36.25 
48.75000000000001 32.5 
50 33.75 
48.75 33.75 
48.75000000000001 30 
50 31.25 
48.75000000000001 31.25 
50 28.75 
48.75000000000001 28.75 
51.25 47.5 
52.5 48.75 
51.25 48.75 
51.25 45 
52.5 46.25 
51.25 46.25 
51.25 42.5 
52.5 43.75 
51.25 43.75 
51.25 40 
52.5 41.25 
51.25 41.25 
51.25 37.5 
52.5 38.75 
51.25 38.75 
51.25 35 
52.5 36.25 
51.25 36.25 
51.25 32.5 
52.5 33.75 
51.25 33.75 
51.25 30 
52.5 31.25 
51.25 31.25 
52.5 28.75 
51.25 28.75 
53.75 47.5 
55 48.75 
53.75 48.75 
53.75 45 
55 46.25 
53.75 46.25 
53.75 42.5 
55 43.75 
53.75 43.75 
53.75 40 
55 41.25 
53.75 41.25 
53.75 37.5 
55 38.75 
53.75 38.75 
53.75 35 
55 36.25 
53.75 36.25 
53.75 32.5 
55 33.75 
53.75 33.75 
53.75 30 
55 31.25 
53.75 31.25 
55 28.75 
53.75 28.75 
56.25 47.5 
57.5 48.75 
56.25 48.75 
56.25 45 
57.5 46.25 
56.25 46.25 
56.25 42.5 
57.5 43.75 
56.25 43.75 
56.25 40 
57.5 41.25 
56.25 41.25 
56.25 37.5 
57.5 38.75 
56.25 38.75 
56.25 35 
57.5 36.25 
56.25 36.25 
56.25 32.5 
57.5 33.75 
56.25 33.75 
56.25 30 
57.5 31.25 
56.25 31.25 
57.5 28.75 
56.25 28.75 
58.75 47.5 
58.75 48.75 
58.75 45 
58.75 46.25 
58.75 42.5 
58.75 43.75 
58.75 40 
58.75 41.25 
58.75 37.5 
58.75 38.75 
58.75 35 
58.75 36.25 
58.75 32.5 
58.75 33.75 
58.75 30 
58.75 31.25 
58.75 28.75 
7.5 25 
10 25 
12.5 25 
15 25 
17.5 25 
20 25 
22.5 25 
25 25 
27.5 25 
30 25 
32.5 25 
35 25 
37.5 25 
40 25 
42.5 25 
45 25 
47.50000000000001 25 
50 25 
52.5 25 
7.5 26.25 
6.25 25 
6.25 26.25 
7.5 23.75 
6.25 23.75 
10 26.25 
8.75 25 
8.75 26.25 
10 23.75 
8.75 23.75 
12.5 26.25 
11.25 25 
11.25 26.25 
12.5 23.75 
11.25 23.75 
15 26.25 
13.75 25 
13.75 26.25 
15 23.75 
13.75 23.75 
17.5 26.25 
16.25 25 
16.25 26.25 
17.5 23.75 
16.25 23.75 
20 26.25 
18.75 25 
18.75 26.25 
20 23.75 
18.75 23.75 
22.5 26.25 
21.25 25 
21.25 26.25 
22.5 23.75 
21.25 23.75 
25 26.25 
23.75 25 
23.75 26.25 
25 23.75 
23.75 23.75 
27.5 26.25 
26.25 25 
26.25 26.25 
27.5 23.75 
26.25 23.75 
30 26.25 
28.75 25 
28.75 26.25 
30 23.75 
28.75 23.75 
32.5 26.25 
31.25 25 
31.25 26.25 
32.5 23.75 
31.25 23.75 
35 26.25 
33.75 25 
33.75 26.25 
35 23.75 
33.75 23.75 
37.5 26.25 
36.25 25 
36.25 26.25 
37.5 23.75 
36.25 23.75 
40 26.25 
38.75 25 
38.75 26.25 
40 23.75 
38.75 23.75 
42.5 26.25 
41.25 25 
41.25 26.25 
42.5 23.75 
41.25 23.75 
45 26.25 
43.75 25 
43.75 26.25 
45 23.75 
43.75 23.75 
47.50000000000001 26.25 
46.25 25 
46.25 26.25 
47.50000000000001 23.75 
46.25 23.75 
50 26.25 
48.75 25 
48.75 26.25 
50 23.75 
48.75 23.75 
52.5 26.25 
51.25 25 
51.25 26.25 
52.5 23.75 
51.25 23.75 
53.75 25 
53.75 26.25 
53.75 23.75 
2.5 20 
2.500000000000004 17.5 
2.5 15 
2.5 12.5 
2.5 10 
2.5 7.499999999999998 
2.500000000000004 5.000000000000005 
2.500000000000004 2.5 
5 20 
5 17.5 
5 15 
5 12.5 
5 10 
5 7.499999999999998 
4.999999999999996 5.000000000000002 
5 2.499999999999998 
7.499999999999993 20 
7.5 17.5 
7.5 15 
7.5 12.5 
7.5 10 
7.499999999999996 7.499999999999999 
7.5 5.000000000000004 
7.499999999999996 2.499999999999998 
10 20 
9.999999999999996 17.5 
10.00000000000001 15 
10 12.5 
10 10 
10 7.499999999999999 
10 5.000000000000004 
10 2.499999999999998 
12.5 20 
12.5 17.5 
12.5 15 
12.5 12.5 
12.5 10 
12.5 7.499999999999999 
12.5 5.000000000000004 
12.5 2.499999999999998 
15 20 
15 17.5 
15 15 
15 12.5 
15 10 
15 7.5 
15 5.000000000000004 
15 2.5 
17.5 20 
17.5 17.5 
17.5 15 
17.5 12.5 
17.5 10 
17.5 7.5 
17.5 5.000000000000004 
17.5 2.499999999999998 
20 20 
20 17.5 
20 15 
20 12.5 
20 10 
20 7.5 
20 5.000000000000002 
20 2.5 
22.5 20 
22.5 17.5 
22.5 15 
22.5 12.5 
22.5 10 
22.5 7.5 
22.5 5.000000000000002 
22.5 2.5 
25 20 
25 17.5 
25 15 
25 12.5 
25 10 
25 7.5 
25 5.000000000000002 
25 2.499999999999998 
27.5 20 
27.5 17.5 
27.5 15 
27.5 12.5 
27.5 10 
27.5 7.5 
27.5 5.000000000000002 
27.5 2.5 
30 20 
30 17.5 
30 15 
30 12.5 
30 10 
30 7.5 
30 5.000000000000002 
30 2.5 
32.5 20 
32.5 17.5 
32.50000000000001 15 
32.5 12.5 
32.5 10 
32.5 7.499999999999999 
32.5 5.000000000000002 
32.5 2.5 
35 20 
35 17.5 
35 15 
35 12.5 
35 10 
35 7.499999999999999 
35 5.000000000000002 
34.99999999999999 2.499999999999998 
37.5 20 
37.5 17.5 
37.5 15 
37.5 12.5 
37.5 10 
37.5 7.5 
37.5 5.000000000000002 
37.5 2.5 
40 20 
40 17.5 
40 15 
40 12.5 
40 10 
40 7.5 
40 5.000000000000002 
40 2.5 
42.5 20 
42.5 17.5 
42.5 15 
42.49999999999999 12.5 
42.5 10 
42.49999999999999 7.499999999999999 
42.49999999999999 5 
42.49999999999999 2.5 
45 20 
45 17.5 
45 15 
45 12.5 
45 10 
45 7.5 
45 5 
45 2.5 
47.50000000000001 20 
47.50000000000001 17.5 
47.50000000000001 15 
47.50000000000001 12.5 
47.5 10 
47.5 7.499999999999998 
47.5 5 
47.5 2.499999999999998 
50 20 
50 17.49999999999999 
49.99999999999999 15 
50 12.5 
50 10 
50 7.499999999999998 
50 5.000000000000001 
49.99999999999999 2.499999999999998 
52.5 20 
52.5 17.5 
52.5 15 
52.5 12.5 
52.5 10 
52.5 7.499999999999999 
52.5 5 
52.5 2.499999999999998 
55 20 
55 17.5 
55 15 
55 12.5 
55 10 
55 7.499999999999999 
55 4.999999999999999 
55 2.5 
57.5 20 
57.5 17.5 
57.5 15 
57.5 12.5 
57.5 10 
57.5 7.499999999999998 
57.5 5.000000000000001 
57.49999999999999 2.5 
1.25 20 
2.5 21.25 
1.25 21.25 
1.25 17.5 
2.5 18.75 
1.25 18.75 
1.25 15 
2.5 16.25 
1.25 16.25 
1.25 12.5 
2.5 13.75 
1.25 13.75 
1.25 10 
2.5 11.25 
1.25 11.25 
1.25 7.499999999999999 
2.5 8.75 
1.25 8.75 
1.25 5.000000000000004 
2.5 6.250000000000002 
1.25 6.250000000000001 
1.25 2.5 
2.500000000000004 3.750000000000003 
1.25 3.750000000000002 
2.5 1.25 
1.25 1.25 
3.75 20 
5 21.25 
3.75 21.25 
3.75 17.5 
5 18.75 
3.75 18.75 
3.75 15 
5 16.25 
3.75 16.25 
3.75 12.5 
5 13.75 
3.75 13.75 
3.75 10 
5 11.25 
3.75 11.25 
3.75 7.499999999999998 
5 8.75 
3.75 8.75 
3.75 5.000000000000004 
5 6.25 
3.75 6.25 
3.75 2.5 
5 3.75 
3.75 3.750000000000002 
5 1.25 
3.75 1.25 
6.249999999999996 20 
7.499999999999996 21.25 
6.249999999999996 21.25 
6.25 17.5 
7.499999999999996 18.75 
6.249999999999996 18.75 
6.25 15 
7.5 16.25 
6.25 16.25 
6.25 12.5 
7.5 13.75 
6.25 13.75 
6.25 10 
7.5 11.25 
6.25 11.25 
6.25 7.499999999999999 
7.5 8.75 
6.25 8.75 
6.25 5.000000000000003 
7.5 6.250000000000002 
6.25 6.250000000000001 
6.25 2.499999999999998 
7.5 3.750000000000001 
6.25 3.75 
7.5 1.25 
6.25 1.25 
8.749999999999996 20 
10 21.25 
8.749999999999996 21.25 
8.75 17.5 
10 18.75 
8.75 18.75 
8.750000000000004 15 
10 16.25 
8.75 16.25 
8.75 12.5 
10.00000000000001 13.75 
8.750000000000007 13.75 
8.75 10 
10 11.25 
8.75 11.25 
8.75 7.499999999999999 
10 8.75 
8.75 8.75 
8.75 5.000000000000004 
10 6.250000000000002 
8.75 6.250000000000002 
8.75 2.499999999999998 
10 3.750000000000002 
8.75 3.750000000000002 
10 1.25 
8.75 1.25 
11.25 20 
12.5 21.25 
11.25 21.25 
11.25 17.5 
12.5 18.75 
11.25 18.75 
11.25 15 
12.5 16.25 
11.25 16.25 
11.25 12.5 
12.5 13.75 
11.25 13.75 
11.25 10 
12.5 11.25 
11.25 11.25 
11.25 7.499999999999999 
12.5 8.75 
11.25 8.75 
11.25 5.000000000000004 
12.5 6.250000000000002 
11.25 6.250000000000002 
11.25 2.499999999999998 
12.5 3.750000000000001 
11.25 3.750000000000002 
12.5 1.25 
11.25 1.25 
13.75 20 
15 21.25 
13.75 21.25 
13.75 17.5 
15 18.75 
13.75 18.75 
13.75 15 
15 16.25 
13.75 16.25 
13.75 12.5 
15 13.75 
13.75 13.75 
13.75 10 
15 11.25 
13.75 11.25 
13.75 7.5 
15 8.75 
13.75 8.75 
13.75 5.000000000000004 
15 6.250000000000002 
13.75 6.250000000000002 
13.75 2.5 
15 3.750000000000002 
13.75 3.750000000000002 
15 1.25 
13.75 1.25 
16.25 20 
17.5 21.25 
16.25 21.25 
16.25 17.5 
17.5 18.75 
16.25 18.75 
16.25 15 
17.5 16.25 
16.25 16.25 
16.25 12.5 
17.5 13.75 
16.25 13.75 
16.25 10 
17.5 11.25 
16.25 11.25 
16.25 7.5 
17.5 8.75 
16.25 8.75 
16.25 5.000000000000004 
17.5 6.250000000000002 
16.25 6.250000000000002 
16.25 2.5 
17.5 3.750000000000002 
16.25 3.750000000000003 
17.5 1.25 
16.25 1.25 
18.75 20 
20 21.25 
18.75 21.25 
18.75 17.5 
20 18.75 
18.75 18.75 
18.75 15 
20 16.25 
18.75 16.25 
18.75 12.5 
20 13.75 
18.75 13.75 
18.75 10 
20 11.25 
18.75 11.25 
18.75 7.5 
20 8.75 
18.75 8.75 
18.75 5.000000000000004 
20 6.250000000000001 
18.75 6.250000000000002 
18.75 2.5 
20 3.750000000000001 
18.75 3.750000000000002 
20 1.25 
18.75 1.25 
21.25 20 
22.5 21.25 
21.25 21.25 
21.25 17.5 
22.5 18.75 
21.25 18.75 
21.25 15 
22.5 16.25 
21.25 16.25 
21.25 12.5 
22.5 13.75 
21.25 13.75 
21.25 10 
22.5 11.25 
21.25 11.25 
21.25 7.5 
22.5 8.75 
21.25 8.75 
21.25 5.000000000000002 
22.5 6.250000000000001 
21.25 6.250000000000001 
21.25 2.5 
22.5 3.750000000000001 
21.25 3.750000000000002 
22.5 1.25 
21.25 1.25 
23.75 20 
25 21.25 
23.75 21.25 
23.75 17.5 
25 18.75 
23.75 18.75 
23.75 15 
25 16.25 
23.75 16.25 
23.75 12.5 
25 13.75 
23.75 13.75 
23.75 10 
25 11.25 
23.75 11.25 
23.75 7.5 
25 8.75 
23.75 8.75 
23.75 5.000000000000002 
25 6.250000000000001 
23.75 6.250000000000001 
23.75 2.5 
25 3.75 
23.75 3.750000000000001 
25 1.25 
23.75 1.25 
26.25 20 
27.5 21.25 
26.25 21.25 
26.25 17.5 
27.5 18.75 
26.25 18.75 
26.25 15 
27.5 16.25 
26.25 16.25 
26.25 12.5 
27.5 13.75 
26.25 13.75 
26.25 10 
27.5 11.25 
26.25 11.25 
26.25 7.5 
27.5 8.75 
26.25 8.75 
26.25 5.000000000000002 
27.5 6.250000000000001 
26.25 6.250000000000001 
26.25 2.5 
27.5 3.750000000000001 
26.25 3.750000000000001 
27.5 1.25 
26.25 1.25 
28.75 20 
30 21.25 
28.75 21.25 
28.75 17.5 
30 18.75 
28.75 18.75 
28.75 15 
30 16.25 
28.75 16.25 
28.75 12.5 
30 13.75 
28.75 13.75 
28.75 10 
30 11.25 
28.75 11.25 
28.75 7.5 
30 8.75 
28.75 8.75 
28.75 5.000000000000002 
30 6.250000000000001 
28.75 6.250000000000001 
28.75 2.5 
30 3.750000000000001 
28.75 3.750000000000002 
30 1.25 
28.75 1.25 
31.25 20 
32.5 21.25 
31.25 21.25 
31.25 17.5 
32.5 18.75 
31.25 18.75 
31.25 15 
32.5 16.25 
31.25 16.25 
31.25 12.5 
32.5 13.75 
31.25 13.75 
31.25 10 
32.5 11.25 
31.25 11.25 
31.25 7.499999999999999 
32.5 8.75 
31.25 8.75 
31.25 5.000000000000002 
32.5 6.25 
31.25 6.25 
31.25 2.5 
32.5 3.750000000000001 
31.25 3.750000000000002 
32.5 1.25 
31.25 1.25 
33.75 20 
35 21.25 
33.75 21.25 
33.75 17.5 
35 18.75 
33.75 18.75 
33.75 15 
35 16.25 
33.75 16.25 
33.75 12.5 
35 13.75 
33.75 13.75 
33.75 10 
35 11.25 
33.75 11.25 
33.75 7.499999999999999 
35 8.75 
33.75 8.75 
33.75 5.000000000000002 
35 6.25 
33.75 6.25 
33.75 2.5 
34.99999999999999 3.75 
33.75 3.750000000000001 
34.99999999999999 1.25 
33.75 1.25 
36.25 20 
37.5 21.25 
36.25 21.25 
36.25 17.5 
37.5 18.75 
36.25 18.75 
36.25 15 
37.5 16.25 
36.25 16.25 
36.25 12.5 
37.5 13.75 
36.25 13.75 
36.25 10 
37.5 11.25 
36.25 11.25 
36.25 7.499999999999999 
37.5 8.75 
36.25 8.75 
36.25 5.000000000000002 
37.5 6.250000000000001 
36.25 6.250000000000001 
36.25 2.5 
37.5 3.750000000000001 
36.25 3.750000000000001 
37.5 1.25 
36.25 1.25 
38.75 20 
40 21.25 
38.75 21.25 
38.75 17.5 
40 18.75 
38.75 18.75 
38.75 15 
40 16.25 
38.75 16.25 
38.75 12.5 
40 13.75 
38.75 13.75 
38.75 10 
40 11.25 
38.75 11.25 
38.75 7.5 
40 8.75 
38.75 8.75 
38.75 5.000000000000002 
40 6.250000000000001 
38.75 6.250000000000001 
38.75 2.5 
40 3.750000000000001 
38.75 3.750000000000002 
40 1.25 
38.75 1.25 
41.25 20 
42.5 21.25 
41.25 21.25 
41.25 17.5 
42.5 18.75 
41.25 18.75 
41.25 15 
42.5 16.25 
41.25 16.25 
41.25 12.5 
42.5 13.75 
41.25 13.75 
41.25 10 
42.5 11.25 
41.25 11.25 
41.25 7.5 
42.49999999999999 8.75 
41.25 8.75 
41.25 5.000000000000001 
42.49999999999999 6.25 
41.25 6.250000000000001 
41.24999999999999 2.5 
42.49999999999999 3.75 
41.25 3.75 
42.49999999999999 1.25 
41.25 1.25 
43.75 20 
45 21.25 
43.75 21.25 
43.75 17.5 
45 18.75 
43.75 18.75 
43.75 15 
45 16.25 
43.75 16.25 
43.75 12.5 
45 13.75 
43.75 13.75 
43.75 10 
45 11.25 
43.75 11.25 
43.75 7.5 
45 8.75 
43.75 8.75 
43.75 5 
45 6.25 
43.75 6.25 
43.74999999999999 2.5 
45 3.75 
43.74999999999999 3.75 
45 1.25 
43.75 1.25 
46.25000000000001 20 
47.50000000000001 21.25 
46.25 21.25 
46.25000000000001 17.5 
47.50000000000001 18.75 
46.25000000000001 18.75 
46.25 15 
47.50000000000001 16.25 
46.25000000000001 16.25 
46.25000000000001 12.5 
47.50000000000001 13.75 
46.25 13.75 
46.25 10 
47.50000000000001 11.25 
46.25 11.25 
46.25 7.499999999999999 
47.5 8.75 
46.25 8.75 
46.25 5 
47.5 6.249999999999999 
46.25 6.249999999999999 
46.25 2.5 
47.5 3.749999999999999 
46.25 3.75 
47.5 1.25 
46.25 1.25 
48.75000000000001 20 
50 21.25 
48.75 21.25 
48.75 17.5 
50 18.75 
48.75000000000001 18.75 
48.75 15 
49.99999999999999 16.25 
48.75 16.25 
48.75000000000001 12.5 
49.99999999999999 13.75 
48.75000000000001 13.75 
48.75 10 
50 11.25 
48.75 11.25 
48.75 7.499999999999998 
50 8.75 
48.75 8.75 
48.75 5 
50 6.25 
48.75 6.249999999999999 
48.75 2.499999999999998 
49.99999999999999 3.75 
48.75 3.75 
49.99999999999999 1.25 
48.75 1.25 
51.25 20 
52.5 21.25 
51.25 21.25 
51.25 17.5 
52.5 18.75 
51.25 18.75 
51.25 15 
52.5 16.25 
51.25 16.25 
51.25 12.5 
52.5 13.75 
51.25 13.75 
51.25 10 
52.5 11.25 
51.25 11.25 
51.25 7.499999999999999 
52.5 8.75 
51.25 8.75 
51.25 5 
52.5 6.25 
51.25 6.25 
51.25 2.499999999999998 
52.5 3.749999999999999 
51.25 3.749999999999998 
52.5 1.25 
51.25 1.25 
53.75 20 
55 21.25 
53.75 21.25 
53.75 17.5 
55 18.75 
53.75 18.75 
53.75 15 
55 16.25 
53.75 16.25 
53.75 12.5 
55 13.75 
53.75 13.75 
53.75 10 
55 11.25 
53.75 11.25 
53.75 7.499999999999999 
55 8.75 
53.75 8.75 
53.75 5 
55 6.249999999999999 
53.75 6.249999999999999 
53.75 2.5 
55 3.75 
53.75 3.75 
55 1.25 
53.75 1.25 
56.25 20 
57.5 21.25 
56.25 21.25 
56.25 17.5 
57.5 18.75 
56.25 18.75 
56.25 15 
57.5 16.25 
56.25 16.25 
56.25 12.5 
57.5 13.75 
56.25 13.75 
56.25 10 
57.5 11.25 
56.25 11.25 
56.25 7.499999999999998 
57.5 8.75 
56.25 8.75 
56.25 5 
57.5 6.25 
56.25 6.249999999999999 
56.24999999999999 2.5 
57.49999999999999 3.75 
56.25 3.75 
57.49999999999999 1.25 
56.25 1.25 
58.75 20 
58.75 21.25 
58.75 17.5 
58.75 18.75 
58.75 15 
58.75 16.25 
58.75 12.5 
58.75 13.75 
58.75 10 
58.75 11.25 
58.75 7.499999999999999 
58.75 8.75 
58.75 5 
58.75 6.25 
58.74999999999999 2.5 
58.75 3.75 
58.75 1.25 
No._elements:                       1888
Max_no._nodes_on_any_one_element:   4
element_identifier; no._nodes_on_element; connectivity:
1 4 150 457 149 8 
2 4 151 455 457 150 
3 4 455 271 456 457 
4 4 457 456 148 149 
5 4 152 460 455 151 
6 4 153 458 460 152 
7 4 458 272 459 460 
8 4 460 459 271 455 
9 4 154 463 458 153 
10 4 155 461 463 154 
11 4 461 273 462 463 
12 4 463 462 272 458 
13 4 156 466 461 155 
14 4 157 464 466 156 
15 4 464 274 465 466 
16 4 466 465 273 461 
17 4 158 469 464 157 
18 4 159 467 469 158 
19 4 467 275 468 469 
20 4 469 468 274 464 
21 4 160 472 467 159 
22 4 161 470 472 160 
23 4 470 276 471 472 
24 4 472 471 275 467 
25 4 162 475 470 161 
26 4 163 473 475 162 
27 4 473 277 474 475 
28 4 475 474 276 470 
29 4 164 478 473 163 
30 4 165 476 478 164 
31 4 476 278 477 478 
32 4 478 477 277 473 
33 4 166 480 476 165 
34 4 9 167 480 166 
35 4 167 168 479 480 
36 4 480 479 278 476 
37 4 456 483 147 148 
38 4 271 481 483 456 
39 4 481 279 482 483 
40 4 483 482 146 147 
41 4 459 486 481 271 
42 4 272 484 486 459 
43 4 484 280 485 486 
44 4 486 485 279 481 
45 4 462 489 484 272 
46 4 273 487 489 462 
47 4 487 281 488 489 
48 4 489 488 280 484 
49 4 465 492 487 273 
50 4 274 490 492 465 
51 4 490 282 491 492 
52 4 492 491 281 487 
53 4 468 495 490 274 
54 4 275 493 495 468 
55 4 493 283 494 495 
56 4 495 494 282 490 
57 4 471 498 493 275 
58 4 276 496 498 471 
59 4 496 284 497 498 
60 4 498 497 283 493 
61 4 474 501 496 276 
62 4 277 499 501 474 
63 4 499 285 500 501 
64 4 501 500 284 496 
65 4 477 504 499 277 
66 4 278 502 504 477 
67 4 502 286 503 504 
68 4 504 503 285 499 
69 4 479 506 502 278 
70 4 168 169 506 479 
71 4 169 10 505 506 
72 4 506 505 286 502 
73 4 482 509 145 146 
74 4 279 507 509 482 
75 4 507 287 508 509 
76 4 509 508 144 145 
77 4 485 512 507 279 
78 4 280 510 512 485 
79 4 510 288 511 512 
80 4 512 511 287 507 
81 4 488 515 510 280 
82 4 281 513 515 488 
83 4 513 289 514 515 
84 4 515 514 288 510 
85 4 491 518 513 281 
86 4 282 516 518 491 
87 4 516 290 517 518 
88 4 518 517 289 513 
89 4 494 521 516 282 
90 4 283 519 521 494 
91 4 519 291 520 521 
92 4 521 520 290 516 
93 4 497 524 519 283 
94 4 284 522 524 497 
95 4 522 292 523 524 
96 4 524 523 291 519 
97 4 500 527 522 284 
98 4 285 525 527 500 
99 4 525 293 526 527 
100 4 527 526 292 522 
101 4 503 530 525 285 
102 4 286 528 530 503 
103 4 528 294 529 530 
104 4 530 529 293 525 
105 4 505 532 528 286 
106 4 10 232 532 505 
107 4 232 233 531 532 
108 4 532 531 294 528 
109 4 508 535 143 144 
110 4 287 533 535 508 
111 4 533 295 534 535 
112 4 535 534 142 143 
113 4 511 538 533 287 
114 4 288 536 538 511 
115 4 536 296 537 538 
116 4 538 537 295 533 
117 4 514 541 536 288 
118 4 289 539 541 514 
119 4 539 297 540 541 
120 4 541 540 296 536 
121 4 517 544 539 289 
122 4 290 542 544 517 
123 4 542 298 543 544 
124 4 544 543 297 539 
125 4 520 547 542 290 
126 4 291 545 547 520 
127 4 545 299 546 547 
128 4 547 546 298 542 
129 4 523 550 545 291 
130 4 292 548 550 523 
131 4 548 300 549 550 
132 4 550 549 299 545 
133 4 526 553 548 292 
134 4 293 551 553 526 
135 4 551 301 552 553 
136 4 553 552 300 548 
137 4 529 556 551 293 
138 4 294 554 556 529 
139 4 554 302 555 556 
140 4 556 555 301 551 
141 4 531 558 554 294 
142 4 233 234 558 531 
143 4 234 235 557 558 
144 4 558 557 302 554 
145 4 534 561 141 142 
146 4 295 559 561 534 
147 4 559 303 560 561 
148 4 561 560 140 141 
149 4 537 564 559 295 
150 4 296 562 564 537 
151 4 562 304 563 564 
152 4 564 563 303 559 
153 4 540 567 562 296 
154 4 297 565 567 540 
155 4 565 305 566 567 
156 4 567 566 304 562 
157 4 543 570 565 297 
158 4 298 568 570 543 
159 4 568 306 569 570 
160 4 570 569 305 565 
161 4 546 573 568 298 
162 4 299 571 573 546 
163 4 571 307 572 573 
164 4 573 572 306 568 
165 4 549 576 571 299 
166 4 300 574 576 549 
167 4 574 308 575 576 
168 4 576 575 307 571 
169 4 552 579 574 300 
170 4 301 577 579 552 
171 4 577 309 578 579 
172 4 579 578 308 574 
173 4 555 582 577 301 
174 4 302 580 582 555 
175 4 580 310 581 582 
176 4 582 581 309 577 
177 4 557 584 580 302 
178 4 235 236 584 557 
179 4 236 237 583 584 
180 4 584 583 310 580 
181 4 560 587 139 140 
182 4 303 585 587 560 
183 4 585 311 586 587 
184 4 587 586 138 139 
185 4 563 590 585 303 
186 4 304 588 590 563 
187 4 588 312 589 590 
188 4 590 589 311 585 
189 4 566 593 588 304 
190 4 305 591 593 566 
191 4 591 313 592 593 
192 4 593 592 312 588 
193 4 569 596 591 305 
194 4 306 594 596 569 
195 4 594 314 595 596 
196 4 596 595 313 591 
197 4 572 599 594 306 
198 4 307 597 599 572 
199 4 597 315 598 599 
200 4 599 598 314 594 
201 4 575 602 597 307 
202 4 308 600 602 575 
203 4 600 316 601 602 
204 4 602 601 315 597 
205 4 578 605 600 308 
206 4 309 603 605 578 
207 4 603 317 604 605 
208 4 605 604 316 600 
209 4 581 608 603 309 
210 4 310 606 608 581 
211 4 606 318 607 608 
212 4 608 607 317 603 
213 4 583 610 606 310 
214 4 237 238 610 583 
215 4 238 239 609 610 
216 4 610 609 318 606 
217 4 586 613 137 138 
218 4 311 611 613 586 
219 4 611 319 612 613 
220 4 613 612 136 137 
221 4 589 616 611 311 
222 4 312 614 616 589 
223 4 614 320 615 616 
224 4 616 615 319 611 
225 4 592 619 614 312 
226 4 313 617 619 592 
227 4 617 321 618 619 
228 4 619 618 320 614 
229 4 595 622 617 313 
230 4 314 620 622 595 
231 4 620 322 621 622 
232 4 622 621 321 617 
233 4 598 625 620 314 
234 4 315 623 625 598 
235 4 623 323 624 625 
236 4 625 624 322 620 
237 4 601 628 623 315 
238 4 316 626 628 601 
239 4 626 324 627 628 
240 4 628 627 323 623 
241 4 604 631 626 316 
242 4 317 629 631 604 
243 4 629 325 630 631 
244 4 631 630 324 626 
245 4 607 634 629 317 
246 4 318 632 634 607 
247 4 632 326 633 634 
248 4 634 633 325 629 
249 4 609 636 632 318 
250 4 239 240 636 609 
251 4 240 241 635 636 
252 4 636 635 326 632 
253 4 612 639 135 136 
254 4 319 637 639 612 
255 4 637 327 638 639 
256 4 639 638 134 135 
257 4 615 642 637 319 
258 4 320 640 642 615 
259 4 640 328 641 642 
260 4 642 641 327 637 
261 4 618 645 640 320 
262 4 321 643 645 618 
263 4 643 329 644 645 
264 4 645 644 328 640 
265 4 621 648 643 321 
266 4 322 646 648 621 
267 4 646 330 647 648 
268 4 648 647 329 643 
269 4 624 651 646 322 
270 4 323 649 651 624 
271 4 649 331 650 651 
272 4 651 650 330 646 
273 4 627 654 649 323 
274 4 324 652 654 627 
275 4 652 332 653 654 
276 4 654 653 331 649 
277 4 630 657 652 324 
278 4 325 655 657 630 
279 4 655 333 656 657 
280 4 657 656 332 652 
281 4 633 660 655 325 
282 4 326 658 660 633 
283 4 658 334 659 660 
284 4 660 659 333 655 
285 4 635 662 658 326 
286 4 241 242 662 635 
287 4 242 243 661 662 
288 4 662 661 334 658 
289 4 638 665 133 134 
290 4 327 663 665 638 
291 4 663 335 664 665 
292 4 665 664 132 133 
293 4 641 668 663 327 
294 4 328 666 668 641 
295 4 666 336 667 668 
296 4 668 667 335 663 
297 4 644 671 666 328 
298 4 329 669 671 644 
299 4 669 337 670 671 
300 4 671 670 336 666 
301 4 647 674 669 329 
302 4 330 672 674 647 
303 4 672 338 673 674 
304 4 674 673 337 669 
305 4 650 677 672 330 
306 4 331 675 677 650 
307 4 675 339 676 677 
308 4 677 676 338 672 
309 4 653 680 675 331 
310 4 332 678 680 653 
311 4 678 340 679 680 
312 4 680 679 339 675 
313 4 656 683 678 332 
314 4 333 681 683 656 
315 4 681 341 682 683 
316 4 683 682 340 678 
317 4 659 686 681 333 
318 4 334 684 686 659 
319 4 684 342 685 686 
320 4 686 685 341 681 
321 4 661 688 684 334 
322 4 243 244 688 661 
323 4 244 245 687 688 
324 4 688 687 342 684 
325 4 664 691 131 132 
326 4 335 689 691 664 
327 4 689 343 690 691 
328 4 691 690 130 131 
329 4 667 694 689 335 
330 4 336 692 694 667 
331 4 692 344 693 694 
332 4 694 693 343 689 
333 4 670 697 692 336 
334 4 337 695 697 670 
335 4 695 345 696 697 
336 4 697 696 344 692 
337 4 673 700 695 337 
338 4 338 698 700 673 
339 4 698 346 699 700 
340 4 700 699 345 695 
341 4 676 703 698 338 
342 4 339 701 703 676 
343 4 701 347 702 703 
344 4 703 702 346 698 
345 4 679 706 701 339 
346 4 340 704 706 679 
347 4 704 348 705 706 
348 4 706 705 347 701 
349 4 682 709 704 340 
350 4 341 707 709 682 
351 4 707 349 708 709 
352 4 709 708 348 704 
353 4 685 712 707 341 
354 4 342 710 712 685 
355 4 710 350 711 712 
356 4 712 711 349 707 
357 4 687 714 710 342 
358 4 245 246 714 687 
359 4 246 247 713 714 
360 4 714 713 350 710 
361 4 690 717 129 130 
362 4 343 715 717 690 
363 4 715 351 716 717 
364 4 717 716 128 129 
365 4 693 720 715 343 
366 4 344 718 720 693 
367 4 718 352 719 720 
368 4 720 719 351 715 
369 4 696 723 718 344 
370 4 345 721 723 696 
371 4 721 353 722 723 
372 4 723 722 352 718 
373 4 699 726 721 345 
374 4 346 724 726 699 
375 4 724 354 725 726 
376 4 726 725 353 721 
377 4 702 729 724 346 
378 4 347 727 729 702 
379 4 727 355 728 729 
380 4 729 728 354 724 
381 4 705 732 727 347 
382 4 348 730 732 705 
383 4 730 356 731 732 
384 4 732 731 355 727 
385 4 708 735 730 348 
386 4 349 733 735 708 
387 4 733 357 734 735 
388 4 735 734 356 730 
389 4 711 738 733 349 
390 4 350 736 738 711 
391 4 736 358 737 738 
392 4 738 737 357 733 
393 4 713 740 736 350 
394 4 247 248 740 713 
395 4 248 249 739 740 
396 4 740 739 358 736 
397 4 716 743 127 128 
398 4 351 741 743 716 
399 4 741 359 742 743 
400 4 743 742 126 127 
401 4 719 746 741 351 
402 4 352 744 746 719 
403 4 744 360 745 746 
404 4 746 745 359 741 
405 4 722 749 744 352 
406 4 353 747 749 722 
407 4 747 361 748 749 
408 4 749 748 360 744 
409 4 725 752 747 353 
410 4 354 750 752 725 
411 4 750 362 751 752 
412 4 752 751 361 747 
413 4 728 755 750 354 
414 4 355 753 755 728 
415 4 753 363 754 755 
416 4 755 754 362 750 
417 4 731 758 753 355 
418 4 356 756 758 731 
419 4 756 364 757 758 
420 4 758 757 363 753 
421 4 734 761 756 356 
422 4 357 759 761 734 
423 4 759 365 760 761 
424 4 761 760 364 756 
425 4 737 764 759 357 
426 4 358 762 764 737 
427 4 762 366 763 764 
428 4 764 763 365 759 
429 4 739 766 762 358 
430 4 249 250 766 739 
431 4 250 251 765 766 
432 4 766 765 366 762 
433 4 742 769 125 126 
434 4 359 767 769 742 
435 4 767 367 768 769 
436 4 769 768 124 125 
437 4 745 772 767 359 
438 4 360 770 772 745 
439 4 770 368 771 772 
440 4 772 771 367 767 
441 4 748 775 770 360 
442 4 361 773 775 748 
443 4 773 369 774 775 
444 4 775 774 368 770 
445 4 751 778 773 361 
446 4 362 776 778 751 
447 4 776 370 777 778 
448 4 778 777 369 773 
449 4 754 781 776 362 
450 4 363 779 781 754 
451 4 779 371 780 781 
452 4 781 780 370 776 
453 4 757 784 779 363 
454 4 364 782 784 757 
455 4 782 372 783 784 
456 4 784 783 371 779 
457 4 760 787 782 364 
458 4 365 785 787 760 
459 4 785 373 786 787 
460 4 787 786 372 782 
461 4 763 790 785 365 
462 4 366 788 790 763 
463 4 788 374 789 790 
464 4 790 789 373 785 
465 4 765 792 788 366 
466 4 251 252 792 765 
467 4 252 253 791 792 
468 4 792 791 374 788 
469 4 768 795 123 124 
470 4 367 793 795 768 
471 4 793 375 794 795 
472 4 795 794 122 123 
473 4 771 798 793 367 
474 4 368 796 798 771 
475 4 796 376 797 798 
476 4 798 797 375 793 
477 4 774 801 796 368 
478 4 369 799 801 774 
479 4 799 377 800 801 
480 4 801 800 376 796 
481 4 777 804 799 369 
482 4 370 802 804 777 
483 4 802 378 803 804 
484 4 804 803 377 799 
485 4 780 807 802 370 
486 4 371 805 807 780 
487 4 805 379 806 807 
488 4 807 806 378 802 
489 4 783 810 805 371 
490 4 372 808 810 783 
491 4 808 380 809 810 
492 4 810 809 379 805 
493 4 786 813 808 372 
494 4 373 811 813 786 
495 4 811 381 812 813 
496 4 813 812 380 808 
497 4 789 816 811 373 
498 4 374 814 816 789 
499 4 814 382 815 816 
500 4 816 815 381 811 
501 4 791 818 814 374 
502 4 253 254 818 791 
503 4 254 255 817 818 
504 4 818 817 382 814 
505 4 794 821 121 122 
506 4 375 819 821 794 
507 4 819 383 820 821 
508 4 821 820 120 121 
509 4 797 824 819 375 
510 4 376 822 824 797 
511 4 822 384 823 824 
512 4 824 823 383 819 
513 4 800 827 822 376 
514 4 377 825 827 800 
515 4 825 385 826 827 
516 4 827 826 384 822 
517 4 803 830 825 377 
518 4 378 828 830 803 
519 4 828 386 829 830 
520 4 830 829 385 825 
521 4 806 833 828 378 
522 4 379 831 833 806 
523 4 831 387 832 833 
524 4 833 832 386 828 
525 4 809 836 831 379 
526 4 380 834 836 809 
527 4 834 388 835 836 
528 4 836 835 387 831 
529 4 812 839 834 380 
530 4 381 837 839 812 
531 4 837 389 838 839 
532 4 839 838 388 834 
533 4 815 842 837 381 
534 4 382 840 842 815 
535 4 840 390 841 842 
536 4 842 841 389 837 
537 4 817 844 840 382 
538 4 255 256 844 817 
539 4 256 257 843 844 
540 4 844 843 390 840 
541 4 820 847 119 120 
542 4 383 845 847 820 
543 4 845 391 846 847 
544 4 847 846 118 119 
545 4 823 850 845 383 
546 4 384 848 850 823 
547 4 848 392 849 850 
548 4 850 849 391 845 
549 4 826 853 848 384 
550 4 385 851 853 826 
551 4 851 393 852 853 
552 4 853 852 392 848 
553 4 829 856 851 385 
554 4 386 854 856 829 
555 4 854 394 855 856 
556 4 856 855 393 851 
557 4 832 859 854 386 
558 4 387 857 859 832 
559 4 857 395 858 859 
560 4 859 858 394 854 
561 4 835 862 857 387 
562 4 388 860 862 835 
563 4 860 396 861 862 
564 4 862 861 395 857 
565 4 838 865 860 388 
566 4 389 863 865 838 
567 4 863 397 864 865 
568 4 865 864 396 860 
569 4 841 868 863 389 
570 4 390 866 868 841 
571 4 866 398 867 868 
572 4 868 867 397 863 
573 4 843 870 866 390 
574 4 257 258 870 843 
575 4 258 259 869 870 
576 4 870 869 398 866 
577 4 846 873 117 118 
578 4 391 871 873 846 
579 4 871 399 872 873 
580 4 873 872 116 117 
581 4 849 876 871 391 
582 4 392 874 876 849 
583 4 874 400 875 876 
584 4 876 875 399 871 
585 4 852 879 874 392 
586 4 393 877 879 852 
587 4 877 401 878 879 
588 4 879 878 400 874 
589 4 855 882 877 393 
590 4 394 880 882 855 
591 4 880 402 881 882 
592 4 882 881 401 877 
593 4 858 885 880 394 
594 4 395 883 885 858 
595 4 883 403 884 885 
596 4 885 884 402 880 
597 4 861 888 883 395 
598 4 396 886 888 861 
599 4 886 404 887 888 
600 4 888 887 403 883 
601 4 864 891 886 396 
602 4 397 889 891 864 
603 4 889 405 890 891 
604 4 891 890 404 886 
605 4 867 894 889 397 
606 4 398 892 894 867 
607 4 892 406 893 894 
608 4 894 893 405 889 
609 4 869 896 892 398 
610 4 259 260 896 869 
611 4 260 261 895 896 
612 4 896 895 406 892 
613 4 872 899 115 116 
614 4 399 897 899 872 
615 4 897 407 898 899 
616 4 899 898 114 115 
617 4 875 902 897 399 
618 4 400 900 902 875 
619 4 900 408 901 902 
620 4 902 901 407 897 
621 4 878 905 900 400 
622 4 401 903 905 878 
623 4 903 409 904 905 
624 4 905 904 408 900 
625 4 881 908 903 401 
626 4 402 906 908 881 
627 4 906 410 907 908 
628 4 908 907 409 903 
629 4 884 911 906 402 
630 4 403 909 911 884 
631 4 909 411 910 911 
632 4 911 910 410 906 
633 4 887 914 909 403 
634 4 404 912 914 887 
635 4 912 412 913 914 
636 4 914 913 411 909 
637 4 890 917 912 404 
638 4 405 915 917 890 
639 4 915 413 916 917 
640 4 917 916 412 912 
641 4 893 920 915 405 
642 4 406 918 920 893 
643 4 918 414 919 920 
644 4 920 919 413 915 
645 4 895 922 918 406 
646 4 261 262 922 895 
647 4 262 263 921 922 
648 4 922 921 414 918 
649 4 898 925 113 114 
650 4 407 923 925 898 
651 4 923 415 924 925 
652 4 925 924 112 113 
653 4 901 928 923 407 
654 4 408 926 928 901 
655 4 926 416 927 928 
656 4 928 927 415 923 
657 4 904 931 926 408 
658 4 409 929 931 904 
659 4 929 417 930 931 
660 4 931 930 416 926 
661 4 907 934 929 409 
662 4 410 932 934 907 
663 4 932 418 933 934 
664 4 934 933 417 929 
665 4 910 937 932 410 
666 4 411 935 937 910 
667 4 935 419 936 937 
668 4 937 936 418 932 
669 4 913 940 935 411 
670 4 412 938 940 913 
671 4 938 420 939 940 
672 4 940 939 419 935 
673 4 916 943 938 412 
674 4 413 941 943 916 
675 4 941 421 942 943 
676 4 943 942 420 938 
677 4 919 946 941 413 
678 4 414 944 946 919 
679 4 944 422 945 946 
680 4 946 945 421 941 
681 4 921 948 944 414 
682 4 263 264 948 921 
683 4 264 265 947 948 
684 4 948 947 422 944 
685 4 924 951 111 112 
686 4 415 949 951 924 
687 4 949 423 950 951 
688 4 951 950 110 111 
689 4 927 954 949 415 
690 4 416 952 954 927 
691 4 952 424 953 954 
692 4 954 953 423 949 
693 4 930 957 952 416 
694 4 417 955 957 930 
695 4 955 425 956 957 
696 4 957 956 424 952 
697 4 933 960 955 417 
698 4 418 958 960 933 
699 4 958 426 959 960 
700 4 960 959 425 955 
701 4 936 963 958 418 
702 4 419 961 963 936 
703 4 961 427 962 963 
704 4 963 962 426 958 
705 4 939 966 961 419 
706 4 420 964 966 939 
707 4 964 428 965 966 
708 4 966 965 427 961 
709 4 942 969 964 420 
710 4 421 967 969 942 
711 4 967 429 968 969 
712 4 969 968 428 964 
713 4 945 972 967 421 
714 4 422 970 972 945 
715 4 970 430 971 972 
716 4 972 971 429 967 
717 4 947 974 970 422 
718 4 265 266 974 947 
719 4 266 267 973 974 
720 4 974 973 430 970 
721 4 950 977 109 110 
722 4 423 975 977 950 
723 4 975 431 976 977 
724 4 977 976 108 109 
725 4 953 980 975 423 
726 4 424 978 980 953 
727 4 978 432 979 980 
728 4 980 979 431 975 
729 4 956 983 978 424 
730 4 425 981 983 956 
731 4 981 433 982 983 
732 4 983 982 432 978 
733 4 959 986 981 425 
734 4 426 984 986 959 
735 4 984 434 985 986 
736 4 986 985 433 981 
737 4 962 989 984 426 
738 4 427 987 989 962 
739 4 987 435 988 989 
740 4 989 988 434 984 
741 4 965 992 987 427 
742 4 428 990 992 965 
743 4 990 436 991 992 
744 4 992 991 435 987 
745 4 968 995 990 428 
746 4 429 993 995 968 
747 4 993 437 994 995 
748 4 995 994 436 990 
749 4 971 998 993 429 
750 4 430 996 998 971 
751 4 996 438 997 998 
752 4 998 997 437 993 
753 4 973 1000 996 430 
754 4 267 268 1000 973 
755 4 268 269 999 1000 
756 4 1000 999 438 996 
757 4 976 1003 107 108 
758 4 431 1001 1003 976 
759 4 1001 439 1002 1003 
760 4 1003 1002 106 107 
761 4 979 1006 1001 431 
762 4 432 1004 1006 979 
763 4 1004 440 1005 1006 
764 4 1006 1005 439 1001 
765 4 982 1009 1004 432 
766 4 433 1007 1009 982 
767 4 1007 441 1008 1009 
768 4 1009 1008 440 1004 
769 4 985 1012 1007 433 
770 4 434 1010 1012 985 
771 4 1010 442 1011 1012 
772 4 1012 1011 441 1007 
773 4 988 1015 1010 434 
774 4 435 1013 1015 988 
775 4 1013 443 1014 1015 
776 4 1015 1014 442 1010 
777 4 991 1018 1013 435 
778 4 436 1016 1018 991 
779 4 1016 444 1017 1018 
780 4 1018 1017 443 1013 
781 4 994 1021 1016 436 
782 4 437 1019 1021 994 
783 4 1019 445 1020 1021 
784 4 1021 1020 444 1016 
785 4 997 1024 1019 437 
786 4 438 1022 1024 997 
787 4 1022 446 1023 1024 
788 4 1024 1023 445 1019 
789 4 999 1026 1022 438 
790 4 269 270 1026 999 
791 4 270 5 1025 1026 
792 4 1026 1025 446 1022 
793 4 1002 1029 105 106 
794 4 439 1027 1029 1002 
795 4 1027 447 1028 1029 
796 4 1029 1028 104 105 
797 4 1005 1032 1027 439 
798 4 440 1030 1032 1005 
799 4 1030 448 1031 1032 
800 4 1032 1031 447 1027 
801 4 1008 1035 1030 440 
802 4 441 1033 1035 1008 
803 4 1033 449 1034 1035 
804 4 1035 1034 448 1030 
805 4 1011 1038 1033 441 
806 4 442 1036 1038 1011 
807 4 1036 450 1037 1038 
808 4 1038 1037 449 1033 
809 4 1014 1041 1036 442 
810 4 443 1039 1041 1014 
811 4 1039 451 1040 1041 
812 4 1041 1040 450 1036 
813 4 1017 1044 1039 443 
814 4 444 1042 1044 1017 
815 4 1042 452 1043 1044 
816 4 1044 1043 451 1039 
817 4 1020 1047 1042 444 
818 4 445 1045 1047 1020 
819 4 1045 453 1046 1047 
820 4 1047 1046 452 1042 
821 4 1023 1050 1045 445 
822 4 446 1048 1050 1023 
823 4 1048 454 1049 1050 
824 4 1050 1049 453 1045 
825 4 1025 1052 1048 446 
826 4 5 83 1052 1025 
827 4 83 84 1051 1052 
828 4 1052 1051 454 1048 
829 4 1028 1054 103 104 
830 4 447 1053 1054 1028 
831 4 1053 101 102 1054 
832 4 1054 102 7 103 
833 4 1031 1056 1053 447 
834 4 448 1055 1056 1031 
835 4 1055 99 100 1056 
836 4 1056 100 101 1053 
837 4 1034 1058 1055 448 
838 4 449 1057 1058 1034 
839 4 1057 97 98 1058 
840 4 1058 98 99 1055 
841 4 1037 1060 1057 449 
842 4 450 1059 1060 1037 
843 4 1059 95 96 1060 
844 4 1060 96 97 1057 
845 4 1040 1062 1059 450 
846 4 451 1061 1062 1040 
847 4 1061 93 94 1062 
848 4 1062 94 95 1059 
849 4 1043 1064 1061 451 
850 4 452 1063 1064 1043 
851 4 1063 91 92 1064 
852 4 1064 92 93 1061 
853 4 1046 1066 1063 452 
854 4 453 1065 1066 1046 
855 4 1065 89 90 1066 
856 4 1066 90 91 1063 
857 4 1049 1068 1065 453 
858 4 454 1067 1068 1049 
859 4 1067 87 88 1068 
860 4 1068 88 89 1065 
861 4 1051 1069 1067 454 
862 4 84 85 1069 1051 
863 4 85 6 86 1069 
864 4 1069 86 87 1067 
865 4 170 1091 232 10 
866 4 1091 1089 233 232 
867 4 1090 1070 1089 1091 
868 4 171 1090 1091 170 
869 4 172 1093 1090 171 
870 4 1093 1092 1070 1090 
871 4 193 194 1092 1093 
872 4 11 193 1093 172 
873 4 1089 1096 234 233 
874 4 1096 1094 235 234 
875 4 1095 1071 1094 1096 
876 4 1070 1095 1096 1089 
877 4 1092 1098 1095 1070 
878 4 1098 1097 1071 1095 
879 4 195 196 1097 1098 
880 4 194 195 1098 1092 
881 4 1094 1101 236 235 
882 4 1101 1099 237 236 
883 4 1100 1072 1099 1101 
884 4 1071 1100 1101 1094 
885 4 1097 1103 1100 1071 
886 4 1103 1102 1072 1100 
887 4 197 198 1102 1103 
888 4 196 197 1103 1097 
889 4 1099 1106 238 237 
890 4 1106 1104 239 238 
891 4 1105 1073 1104 1106 
892 4 1072 1105 1106 1099 
893 4 1102 1108 1105 1072 
894 4 1108 1107 1073 1105 
895 4 199 200 1107 1108 
896 4 198 199 1108 1102 
897 4 1104 1111 240 239 
898 4 1111 1109 241 240 
899 4 1110 1074 1109 1111 
900 4 1073 1110 1111 1104 
901 4 1107 1113 1110 1073 
902 4 1113 1112 1074 1110 
903 4 201 202 1112 1113 
904 4 200 201 1113 1107 
905 4 1109 1116 242 241 
906 4 1116 1114 243 242 
907 4 1115 1075 1114 1116 
908 4 1074 1115 1116 1109 
909 4 1112 1118 1115 1074 
910 4 1118 1117 1075 1115 
911 4 203 204 1117 1118 
912 4 202 203 1118 1112 
913 4 1114 1121 244 243 
914 4 1121 1119 245 244 
915 4 1120 1076 1119 1121 
916 4 1075 1120 1121 1114 
917 4 1117 1123 1120 1075 
918 4 1123 1122 1076 1120 
919 4 205 206 1122 1123 
920 4 204 205 1123 1117 
921 4 1119 1126 246 245 
922 4 1126 1124 247 246 
923 4 1125 1077 1124 1126 
924 4 1076 1125 1126 1119 
925 4 1122 1128 1125 1076 
926 4 1128 1127 1077 1125 
927 4 207 208 1127 1128 
928 4 206 207 1128 1122 
929 4 1124 1131 248 247 
930 4 1131 1129 249 248 
931 4 1130 1078 1129 1131 
932 4 1077 1130 1131 1124 
933 4 1127 1133 1130 1077 
934 4 1133 1132 1078 1130 
935 4 209 210 1132 1133 
936 4 208 209 1133 1127 
937 4 1129 1136 250 249 
938 4 1136 1134 251 250 
939 4 1135 1079 1134 1136 
940 4 1078 1135 1136 1129 
941 4 1132 1138 1135 1078 
942 4 1138 1137 1079 1135 
943 4 211 212 1137 1138 
944 4 210 211 1138 1132 
945 4 1134 1141 252 251 
946 4 1141 1139 253 252 
947 4 1140 1080 1139 1141 
948 4 1079 1140 1141 1134 
949 4 1137 1143 1140 1079 
950 4 1143 1142 1080 1140 
951 4 213 214 1142 1143 
952 4 212 213 1143 1137 
953 4 1139 1146 254 253 
954 4 1146 1144 255 254 
955 4 1145 1081 1144 1146 
956 4 1080 1145 1146 1139 
957 4 1142 1148 1145 1080 
958 4 1148 1147 1081 1145 
959 4 215 216 1147 1148 
960 4 214 215 1148 1142 
961 4 1144 1151 256 255 
962 4 1151 1149 257 256 
963 4 1150 1082 1149 1151 
964 4 1081 1150 1151 1144 
965 4 1147 1153 1150 1081 
966 4 1153 1152 1082 1150 
967 4 217 218 1152 1153 
968 4 216 217 1153 1147 
969 4 1149 1156 258 257 
970 4 1156 1154 259 258 
971 4 1155 1083 1154 1156 
972 4 1082 1155 1156 1149 
973 4 1152 1158 1155 1082 
974 4 1158 1157 1083 1155 
975 4 219 220 1157 1158 
976 4 218 219 1158 1152 
977 4 1154 1161 260 259 
978 4 1161 1159 261 260 
979 4 1160 1084 1159 1161 
980 4 1083 1160 1161 1154 
981 4 1157 1163 1160 1083 
982 4 1163 1162 1084 1160 
983 4 221 222 1162 1163 
984 4 220 221 1163 1157 
985 4 1159 1166 262 261 
986 4 1166 1164 263 262 
987 4 1165 1085 1164 1166 
988 4 1084 1165 1166 1159 
989 4 1162 1168 1165 1084 
990 4 1168 1167 1085 1165 
991 4 223 224 1167 1168 
992 4 222 223 1168 1162 
993 4 1164 1171 264 263 
994 4 1171 1169 265 264 
995 4 1170 1086 1169 1171 
996 4 1085 1170 1171 1164 
997 4 1167 1173 1170 1085 
998 4 1173 1172 1086 1170 
999 4 225 226 1172 1173 
1000 4 224 225 1173 1167 
1001 4 1169 1176 266 265 
1002 4 1176 1174 267 266 
1003 4 1175 1087 1174 1176 
1004 4 1086 1175 1176 1169 
1005 4 1172 1178 1175 1086 
1006 4 1178 1177 1087 1175 
1007 4 227 228 1177 1178 
1008 4 226 227 1178 1172 
1009 4 1174 1181 268 267 
1010 4 1181 1179 269 268 
1011 4 1180 1088 1179 1181 
1012 4 1087 1180 1181 1174 
1013 4 1177 1183 1180 1087 
1014 4 1183 1182 1088 1180 
1015 4 229 230 1182 1183 
1016 4 228 229 1183 1177 
1017 4 1179 1185 270 269 
1018 4 1185 82 5 270 
1019 4 1184 81 82 1185 
1020 4 1088 1184 1185 1179 
1021 4 1182 1186 1184 1088 
1022 4 1186 80 81 1184 
1023 4 231 4 80 1186 
1024 4 230 231 1186 1182 
1025 4 176 1373 175 12 
1026 4 177 1371 1373 176 
1027 4 1371 1187 1372 1373 
1028 4 1373 1372 174 175 
1029 4 178 1376 1371 177 
1030 4 179 1374 1376 178 
1031 4 1374 1188 1375 1376 
1032 4 1376 1375 1187 1371 
1033 4 180 1379 1374 179 
1034 4 181 1377 1379 180 
1035 4 1377 1189 1378 1379 
1036 4 1379 1378 1188 1374 
1037 4 182 1382 1377 181 
1038 4 183 1380 1382 182 
1039 4 1380 1190 1381 1382 
1040 4 1382 1381 1189 1377 
1041 4 184 1385 1380 183 
1042 4 185 1383 1385 184 
1043 4 1383 1191 1384 1385 
1044 4 1385 1384 1190 1380 
1045 4 186 1388 1383 185 
1046 4 187 1386 1388 186 
1047 4 1386 1192 1387 1388 
1048 4 1388 1387 1191 1383 
1049 4 188 1391 1386 187 
1050 4 189 1389 1391 188 
1051 4 1389 1193 1390 1391 
1052 4 1391 1390 1192 1386 
1053 4 190 1394 1389 189 
1054 4 191 1392 1394 190 
1055 4 1392 1194 1393 1394 
1056 4 1394 1393 1193 1389 
1057 4 192 1396 1392 191 
1058 4 1 13 1396 192 
1059 4 13 14 1395 1396 
1060 4 1396 1395 1194 1392 
1061 4 1372 1399 173 174 
1062 4 1187 1397 1399 1372 
1063 4 1397 1195 1398 1399 
1064 4 1399 1398 11 173 
1065 4 1375 1402 1397 1187 
1066 4 1188 1400 1402 1375 
1067 4 1400 1196 1401 1402 
1068 4 1402 1401 1195 1397 
1069 4 1378 1405 1400 1188 
1070 4 1189 1403 1405 1378 
1071 4 1403 1197 1404 1405 
1072 4 1405 1404 1196 1400 
1073 4 1381 1408 1403 1189 
1074 4 1190 1406 1408 1381 
1075 4 1406 1198 1407 1408 
1076 4 1408 1407 1197 1403 
1077 4 1384 1411 1406 1190 
1078 4 1191 1409 1411 1384 
1079 4 1409 1199 1410 1411 
1080 4 1411 1410 1198 1406 
1081 4 1387 1414 1409 1191 
1082 4 1192 1412 1414 1387 
1083 4 1412 1200 1413 1414 
1084 4 1414 1413 1199 1409 
1085 4 1390 1417 1412 1192 
1086 4 1193 1415 1417 1390 
1087 4 1415 1201 1416 1417 
1088 4 1417 1416 1200 1412 
1089 4 1393 1420 1415 1193 
1090 4 1194 1418 1420 1393 
1091 4 1418 1202 1419 1420 
1092 4 1420 1419 1201 1415 
1093 4 1395 1422 1418 1194 
1094 4 14 15 1422 1395 
1095 4 15 16 1421 1422 
1096 4 1422 1421 1202 1418 
1097 4 1398 1425 193 11 
1098 4 1195 1423 1425 1398 
1099 4 1423 1203 1424 1425 
1100 4 1425 1424 194 193 
1101 4 1401 1428 1423 1195 
1102 4 1196 1426 1428 1401 
1103 4 1426 1204 1427 1428 
1104 4 1428 1427 1203 1423 
1105 4 1404 1431 1426 1196 
1106 4 1197 1429 1431 1404 
1107 4 1429 1205 1430 1431 
1108 4 1431 1430 1204 1426 
1109 4 1407 1434 1429 1197 
1110 4 1198 1432 1434 1407 
1111 4 1432 1206 1433 1434 
1112 4 1434 1433 1205 1429 
1113 4 1410 1437 1432 1198 
1114 4 1199 1435 1437 1410 
1115 4 1435 1207 1436 1437 
1116 4 1437 1436 1206 1432 
1117 4 1413 1440 1435 1199 
1118 4 1200 1438 1440 1413 
1119 4 1438 1208 1439 1440 
1120 4 1440 1439 1207 1435 
1121 4 1416 1443 1438 1200 
1122 4 1201 1441 1443 1416 
1123 4 1441 1209 1442 1443 
1124 4 1443 1442 1208 1438 
1125 4 1419 1446 1441 1201 
1126 4 1202 1444 1446 1419 
1127 4 1444 1210 1445 1446 
1128 4 1446 1445 1209 1441 
1129 4 1421 1448 1444 1202 
1130 4 16 17 1448 1421 
1131 4 17 18 1447 1448 
1132 4 1448 1447 1210 1444 
1133 4 1424 1451 195 194 
1134 4 1203 1449 1451 1424 
1135 4 1449 1211 1450 1451 
1136 4 1451 1450 196 195 
1137 4 1427 1454 1449 1203 
1138 4 1204 1452 1454 1427 
1139 4 1452 1212 1453 1454 
1140 4 1454 1453 1211 1449 
1141 4 1430 1457 1452 1204 
1142 4 1205 1455 1457 1430 
1143 4 1455 1213 1456 1457 
1144 4 1457 1456 1212 1452 
1145 4 1433 1460 1455 1205 
1146 4 1206 1458 1460 1433 
1147 4 1458 1214 1459 1460 
1148 4 1460 1459 1213 1455 
1149 4 1436 1463 1458 1206 
1150 4 1207 1461 1463 1436 
1151 4 1461 1215 1462 1463 
1152 4 1463 1462 1214 1458 
1153 4 1439 1466 1461 1207 
1154 4 1208 1464 1466 1439 
1155 4 1464 1216 1465 1466 
1156 4 1466 1465 1215 1461 
1157 4 1442 1469 1464 1208 
1158 4 1209 1467 1469 1442 
1159 4 1467 1217 1468 1469 
1160 4 1469 1468 1216 1464 
1161 4 1445 1472 1467 1209 
1162 4 1210 1470 1472 1445 
1163 4 1470 1218 1471 1472 
1164 4 1472 1471 1217 1467 
1165 4 1447 1474 1470 1210 
1166 4 18 19 1474 1447 
1167 4 19 20 1473 1474 
1168 4 1474 1473 1218 1470 
1169 4 1450 1477 197 196 
1170 4 1211 1475 1477 1450 
1171 4 1475 1219 1476 1477 
1172 4 1477 1476 198 197 
1173 4 1453 1480 1475 1211 
1174 4 1212 1478 1480 1453 
1175 4 1478 1220 1479 1480 
1176 4 1480 1479 1219 1475 
1177 4 1456 1483 1478 1212 
1178 4 1213 1481 1483 1456 
1179 4 1481 1221 1482 1483 
1180 4 1483 1482 1220 1478 
1181 4 1459 1486 1481 1213 
1182 4 1214 1484 1486 1459 
1183 4 1484 1222 1485 1486 
1184 4 1486 1485 1221 1481 
1185 4 1462 1489 1484 1214 
1186 4 1215 1487 1489 1462 
1187 4 1487 1223 1488 1489 
1188 4 1489 1488 1222 1484 
1189 4 1465 1492 1487 1215 
1190 4 1216 1490 1492 1465 
1191 4 1490 1224 1491 1492 
1192 4 1492 1491 1223 1487 
1193 4 1468 1495 1490 1216 
1194 4 1217 1493 1495 1468 
1195 4 1493 1225 1494 1495 
1196 4 1495 1494 1224 1490 
1197 4 1471 1498 1493 1217 
1198 4 1218 1496 1498 1471 
1199 4 1496 1226 1497 1498 
1200 4 1498 1497 1225 1493 
1201 4 1473 1500 1496 1218 
1202 4 20 21 1500 1473 
1203 4 21 22 1499 1500 
1204 4 1500 1499 1226 1496 
1205 4 1476 1503 199 198 
1206 4 1219 1501 1503 1476 
1207 4 1501 1227 1502 1503 
1208 4 1503 1502 200 199 
1209 4 1479 1506 1501 1219 
1210 4 1220 1504 1506 1479 
1211 4 1504 1228 1505 1506 
1212 4 1506 1505 1227 1501 
1213 4 1482 1509 1504 1220 
1214 4 1221 1507 1509 1482 
1215 4 1507 1229 1508 1509 
1216 4 1509 1508 1228 1504 
1217 4 1485 1512 1507 1221 
1218 4 1222 1510 1512 1485 
1219 4 1510 1230 1511 1512 
1220 4 1512 1511 1229 1507 
1221 4 1488 1515 1510 1222 
1222 4 1223 1513 1515 1488 
1223 4 1513 1231 1514 1515 
1224 4 1515 1514 1230 1510 
1225 4 1491 1518 1513 1223 
1226 4 1224 1516 1518 1491 
1227 4 1516 1232 1517 1518 
1228 4 1518 1517 1231 1513 
1229 4 1494 1521 1516 1224 
1230 4 1225 1519 1521 1494 
1231 4 1519 1233 1520 1521 
1232 4 1521 1520 1232 1516 
1233 4 1497 1524 1519 1225 
1234 4 1226 1522 1524 1497 
1235 4 1522 1234 1523 1524 
1236 4 1524 1523 1233 1519 
1237 4 1499 1526 1522 1226 
1238 4 22 23 1526 1499 
1239 4 23 24 1525 1526 
1240 4 1526 1525 1234 1522 
1241 4 1502 1529 201 200 
1242 4 1227 1527 1529 1502 
1243 4 1527 1235 1528 1529 
1244 4 1529 1528 202 201 
1245 4 1505 1532 1527 1227 
1246 4 1228 1530 1532 1505 
1247 4 1530 1236 1531 1532 
1248 4 1532 1531 1235 1527 
1249 4 1508 1535 1530 1228 
1250 4 1229 1533 1535 1508 
1251 4 1533 1237 1534 1535 
1252 4 1535 1534 1236 1530 
1253 4 1511 1538 1533 1229 
1254 4 1230 1536 1538 1511 
1255 4 1536 1238 1537 1538 
1256 4 1538 1537 1237 1533 
1257 4 1514 1541 1536 1230 
1258 4 1231 1539 1541 1514 
1259 4 1539 1239 1540 1541 
1260 4 1541 1540 1238 1536 
1261 4 1517 1544 1539 1231 
1262 4 1232 1542 1544 1517 
1263 4 1542 1240 1543 1544 
1264 4 1544 1543 1239 1539 
1265 4 1520 1547 1542 1232 
1266 4 1233 1545 1547 1520 
1267 4 1545 1241 1546 1547 
1268 4 1547 1546 1240 1542 
1269 4 1523 1550 1545 1233 
1270 4 1234 1548 1550 1523 
1271 4 1548 1242 1549 1550 
1272 4 1550 1549 1241 1545 
1273 4 1525 1552 1548 1234 
1274 4 24 25 1552 1525 
1275 4 25 26 1551 1552 
1276 4 1552 1551 1242 1548 
1277 4 1528 1555 203 202 
1278 4 1235 1553 1555 1528 
1279 4 1553 1243 1554 1555 
1280 4 1555 1554 204 203 
1281 4 1531 1558 1553 1235 
1282 4 1236 1556 1558 1531 
1283 4 1556 1244 1557 1558 
1284 4 1558 1557 1243 1553 
1285 4 1534 1561 1556 1236 
1286 4 1237 1559 1561 1534 
1287 4 1559 1245 1560 1561 
1288 4 1561 1560 1244 1556 
1289 4 1537 1564 1559 1237 
1290 4 1238 1562 1564 1537 
1291 4 1562 1246 1563 1564 
1292 4 1564 1563 1245 1559 
1293 4 1540 1567 1562 1238 
1294 4 1239 1565 1567 1540 
1295 4 1565 1247 1566 1567 
1296 4 1567 1566 1246 1562 
1297 4 1543 1570 1565 1239 
1298 4 1240 1568 1570 1543 
1299 4 1568 1248 1569 1570 
1300 4 1570 1569 1247 1565 
1301 4 1546 1573 1568 1240 
1302 4 1241 1571 1573 1546 
1303 4 1571 1249 1572 1573 
1304 4 1573 1572 1248 1568 
1305 4 1549 1576 1571 1241 
1306 4 1242 1574 1576 1549 
1307 4 1574 1250 1575 1576 
1308 4 1576 1575 1249 1571 
1309 4 1551 1578 1574 1242 
1310 4 26 27 1578 1551 
1311 4 27 28 1577 1578 
1312 4 1578 1577 1250 1574 
1313 4 1554 1581 205 204 
1314 4 1243 1579 1581 1554 
1315 4 1579 1251 1580 1581 
1316 4 1581 1580 206 205 
1317 4 1557 1584 1579 1243 
1318 4 1244 1582 1584 1557 
1319 4 1582 1252 1583 1584 
1320 4 1584 1583 1251 1579 
1321 4 1560 1587 1582 1244 
1322 4 1245 1585 1587 1560 
1323 4 1585 1253 1586 1587 
1324 4 1587 1586 1252 1582 
1325 4 1563 1590 1585 1245 
1326 4 1246 1588 1590 1563 
1327 4 1588 1254 1589 1590 
1328 4 1590 1589 1253 1585 
1329 4 1566 1593 1588 1246 
1330 4 1247 1591 1593 1566 
1331 4 1591 1255 1592 1593 
1332 4 1593 1592 1254 1588 
1333 4 1569 1596 1591 1247 
1334 4 1248 1594 1596 1569 
1335 4 1594 1256 1595 1596 
1336 4 1596 1595 1255 1591 
1337 4 1572 1599 1594 1248 
1338 4 1249 1597 1599 1572 
1339 4 1597 1257 1598 1599 
1340 4 1599 1598 1256 1594 
1341 4 1575 1602 1597 1249 
1342 4 1250 1600 1602 1575 
1343 4 1600 1258 1601 1602 
1344 4 1602 1601 1257 1597 
1345 4 1577 1604 1600 1250 
1346 4 28 29 1604 1577 
1347 4 29 30 1603 1604 
1348 4 1604 1603 1258 1600 
1349 4 1580 1607 207 206 
1350 4 1251 1605 1607 1580 
1351 4 1605 1259 1606 1607 
1352 4 1607 1606 208 207 
1353 4 1583 1610 1605 1251 
1354 4 1252 1608 1610 1583 
1355 4 1608 1260 1609 1610 
1356 4 1610 1609 1259 1605 
1357 4 1586 1613 1608 1252 
1358 4 1253 1611 1613 1586 
1359 4 1611 1261 1612 1613 
1360 4 1613 1612 1260 1608 
1361 4 1589 1616 1611 1253 
1362 4 1254 1614 1616 1589 
1363 4 1614 1262 1615 1616 
1364 4 1616 1615 1261 1611 
1365 4 1592 1619 1614 1254 
1366 4 1255 1617 1619 1592 
1367 4 1617 1263 1618 1619 
1368 4 1619 1618 1262 1614 
1369 4 1595 1622 1617 1255 
1370 4 1256 1620 1622 1595 
1371 4 1620 1264 1621 1622 
1372 4 1622 1621 1263 1617 
1373 4 1598 1625 1620 1256 
1374 4 1257 1623 1625 1598 
1375 4 1623 1265 1624 1625 
1376 4 1625 1624 1264 1620 
1377 4 1601 1628 1623 1257 
1378 4 1258 1626 1628 1601 
1379 4 1626 1266 1627 1628 
1380 4 1628 1627 1265 1623 
1381 4 1603 1630 1626 1258 
1382 4 30 31 1630 1603 
1383 4 31 32 1629 1630 
1384 4 1630 1629 1266 1626 
1385 4 1606 1633 209 208 
1386 4 1259 1631 1633 1606 
1387 4 1631 1267 1632 1633 
1388 4 1633 1632 210 209 
1389 4 1609 1636 1631 1259 
1390 4 1260 1634 1636 1609 
1391 4 1634 1268 1635 1636 
1392 4 1636 1635 1267 1631 
1393 4 1612 1639 1634 1260 
1394 4 1261 1637 1639 1612 
1395 4 1637 1269 1638 1639 
1396 4 1639 1638 1268 1634 
1397 4 1615 1642 1637 1261 
1398 4 1262 1640 1642 1615 
1399 4 1640 1270 1641 1642 
1400 4 1642 1641 1269 1637 
1401 4 1618 1645 1640 1262 
1402 4 1263 1643 1645 1618 
1403 4 1643 1271 1644 1645 
1404 4 1645 1644 1270 1640 
1405 4 1621 1648 1643 1263 
1406 4 1264 1646 1648 1621 
1407 4 1646 1272 1647 1648 
1408 4 1648 1647 1271 1643 
1409 4 1624 1651 1646 1264 
1410 4 1265 1649 1651 1624 
1411 4 1649 1273 1650 1651 
1412 4 1651 1650 1272 1646 
1413 4 1627 1654 1649 1265 
1414 4 1266 1652 1654 1627 
1415 4 1652 1274 1653 1654 
1416 4 1654 1653 1273 1649 
1417 4 1629 1656 1652 1266 
1418 4 32 33 1656 1629 
1419 4 33 34 1655 1656 
1420 4 1656 1655 1274 1652 
1421 4 1632 1659 211 210 
1422 4 1267 1657 1659 1632 
1423 4 1657 1275 1658 1659 
1424 4 1659 1658 212 211 
1425 4 1635 1662 1657 1267 
1426 4 1268 1660 1662 1635 
1427 4 1660 1276 1661 1662 
1428 4 1662 1661 1275 1657 
1429 4 1638 1665 1660 1268 
1430 4 1269 1663 1665 1638 
1431 4 1663 1277 1664 1665 
1432 4 1665 1664 1276 1660 
1433 4 1641 1668 1663 1269 
1434 4 1270 1666 1668 1641 
1435 4 1666 1278 1667 1668 
1436 4 1668 1667 1277 1663 
1437 4 1644 1671 1666 1270 
1438 4 1271 1669 1671 1644 
1439 4 1669 1279 1670 1671 
1440 4 1671 1670 1278 1666 
1441 4 1647 1674 1669 1271 
1442 4 1272 1672 1674 1647 
1443 4 1672 1280 1673 1674 
1444 4 1674 1673 1279 1669 
1445 4 1650 1677 1672 1272 
1446 4 1273 1675 1677 1650 
1447 4 1675 1281 1676 1677 
1448 4 1677 1676 1280 1672 
1449 4 1653 1680 1675 1273 
1450 4 1274 1678 1680 1653 
1451 4 1678 1282 1679 1680 
1452 4 1680 1679 1281 1675 
1453 4 1655 1682 1678 1274 
1454 4 34 35 1682 1655 
1455 4 35 36 1681 1682 
1456 4 1682 1681 1282 1678 
1457 4 1658 1685 213 212 
1458 4 1275 1683 1685 1658 
1459 4 1683 1283 1684 1685 
1460 4 1685 1684 214 213 
1461 4 1661 1688 1683 1275 
1462 4 1276 1686 1688 1661 
1463 4 1686 1284 1687 1688 
1464 4 1688 1687 1283 1683 
1465 4 1664 1691 1686 1276 
1466 4 1277 1689 1691 1664 
1467 4 1689 1285 1690 1691 
1468 4 1691 1690 1284 1686 
1469 4 1667 1694 1689 1277 
1470 4 1278 1692 1694 1667 
1471 4 1692 1286 1693 1694 
1472 4 1694 1693 1285 1689 
1473 4 1670 1697 1692 1278 
1474 4 1279 1695 1697 1670 
1475 4 1695 1287 1696 1697 
1476 4 1697 1696 1286 1692 
1477 4 1673 1700 1695 1279 
1478 4 1280 1698 1700 1673 
1479 4 1698 1288 1699 1700 
1480 4 1700 1699 1287 1695 
1481 4 1676 1703 1698 1280 
1482 4 1281 1701 1703 1676 
1483 4 1701 1289 1702 1703 
1484 4 1703 1702 1288 1698 
1485 4 1679 1706 1701 1281 
1486 4 1282 1704 1706 1679 
1487 4 1704 1290 1705 1706 
1488 4 1706 1705 1289 1701 
1489 4 1681 1708 1704 1282 
1490 4 36 37 1708 1681 
1491 4 37 38 1707 1708 
1492 4 1708 1707 1290 1704 
1493 4 1684 1711 215 214 
1494 4 1283 1709 1711 1684 
1495 4 1709 1291 1710 1711 
1496 4 1711 1710 216 215 
1497 4 1687 1714 1709 1283 
1498 4 1284 1712 1714 1687 
1499 4 1712 1292 1713 1714 
1500 4 1714 1713 1291 1709 
1501 4 1690 1717 1712 1284 
1502 4 1285 1715 1717 1690 
1503 4 1715 1293 1716 1717 
1504 4 1717 1716 1292 1712 
1505 4 1693 1720 1715 1285 
1506 4 1286 1718 1720 1693 
1507 4 1718 1294 1719 1720 
1508 4 1720 1719 1293 1715 
1509 4 1696 1723 1718 1286 
1510 4 1287 1721 1723 1696 
1511 4 1721 1295 1722 1723 
1512 4 1723 1722 1294 1718 
1513 4 1699 1726 1721 1287 
1514 4 1288 1724 1726 1699 
1515 4 1724 1296 1725 1726 
1516 4 1726 1725 1295 1721 
1517 4 1702 1729 1724 1288 
1518 4 1289 1727 1729 1702 
1519 4 1727 1297 1728 1729 
1520 4 1729 1728 1296 1724 
1521 4 1705 1732 1727 1289 
1522 4 1290 1730 1732 1705 
1523 4 1730 1298 1731 1732 
1524 4 1732 1731 1297 1727 
1525 4 1707 1734 1730 1290 
1526 4 38 39 1734 1707 
1527 4 39 40 1733 1734 
1528 4 1734 1733 1298 1730 
1529 4 1710 1737 217 216 
1530 4 1291 1735 1737 1710 
1531 4 1735 1299 1736 1737 
1532 4 1737 1736 218 217 
1533 4 1713 1740 1735 1291 
1534 4 1292 1738 1740 1713 
1535 4 1738 1300 1739 1740 
1536 4 1740 1739 1299 1735 
1537 4 1716 1743 1738 1292 
1538 4 1293 1741 1743 1716 
1539 4 1741 1301 1742 1743 
1540 4 1743 1742 1300 1738 
1541 4 1719 1746 1741 1293 
1542 4 1294 1744 1746 1719 
1543 4 1744 1302 1745 1746 
1544 4 1746 1745 1301 1741 
1545 4 1722 1749 1744 1294 
1546 4 1295 1747 1749 1722 
1547 4 1747 1303 1748 1749 
1548 4 1749 1748 1302 1744 
1549 4 1725 1752 1747 1295 
1550 4 1296 1750 1752 1725 
1551 4 1750 1304 1751 1752 
1552 4 1752 1751 1303 1747 
1553 4 1728 1755 1750 1296 
1554 4 1297 1753 1755 1728 
1555 4 1753 1305 1754 1755 
1556 4 1755 1754 1304 1750 
1557 4 1731 1758 1753 1297 
1558 4 1298 1756 1758 1731 
1559 4 1756 1306 1757 1758 
1560 4 1758 1757 1305 1753 
1561 4 1733 1760 1756 1298 
1562 4 40 41 1760 1733 
1563 4 41 42 1759 1760 
1564 4 1760 1759 1306 1756 
1565 4 1736 1763 219 218 
1566 4 1299 1761 1763 1736 
1567 4 1761 1307 1762 1763 
1568 4 1763 1762 220 219 
1569 4 1739 1766 1761 1299 
1570 4 1300 1764 1766 1739 
1571 4 1764 1308 1765 1766 
1572 4 1766 1765 1307 1761 
1573 4 1742 1769 1764 1300 
1574 4 1301 1767 1769 1742 
1575 4 1767 1309 1768 1769 
1576 4 1769 1768 1308 1764 
1577 4 1745 1772 1767 1301 
1578 4 1302 1770 1772 1745 
1579 4 1770 1310 1771 1772 
1580 4 1772 1771 1309 1767 
1581 4 1748 1775 1770 1302 
1582 4 1303 1773 1775 1748 
1583 4 1773 1311 1774 1775 
1584 4 1775 1774 1310 1770 
1585 4 1751 1778 1773 1303 
1586 4 1304 1776 1778 1751 
1587 4 1776 1312 1777 1778 
1588 4 1778 1777 1311 1773 
1589 4 1754 1781 1776 1304 
1590 4 1305 1779 1781 1754 
1591 4 1779 1313 1780 1781 
1592 4 1781 1780 1312 1776 
1593 4 1757 1784 1779 1305 
1594 4 1306 1782 1784 1757 
1595 4 1782 1314 1783 1784 
1596 4 1784 1783 1313 1779 
1597 4 1759 1786 1782 1306 
1598 4 42 43 1786 1759 
1599 4 43 44 1785 1786 
1600 4 1786 1785 1314 1782 
1601 4 1762 1789 221 220 
1602 4 1307 1787 1789 1762 
1603 4 1787 1315 1788 1789 
1604 4 1789 1788 222 221 
1605 4 1765 1792 1787 1307 
1606 4 1308 1790 1792 1765 
1607 4 1790 1316 1791 1792 
1608 4 1792 1791 1315 1787 
1609 4 1768 1795 1790 1308 
1610 4 1309 1793 1795 1768 
1611 4 1793 1317 1794 1795 
1612 4 1795 1794 1316 1790 
1613 4 1771 1798 1793 1309 
1614 4 1310 1796 1798 1771 
1615 4 1796 1318 1797 1798 
1616 4 1798 1797 1317 1793 
1617 4 1774 1801 1796 1310 
1618 4 1311 1799 1801 1774 
1619 4 1799 1319 1800 1801 
1620 4 1801 1800 1318 1796 
1621 4 1777 1804 1799 1311 
1622 4 1312 1802 1804 1777 
1623 4 1802 1320 1803 1804 
1624 4 1804 1803 1319 1799 
1625 4 1780 1807 1802 1312 
1626 4 1313 1805 1807 1780 
1627 4 1805 1321 1806 1807 
1628 4 1807 1806 1320 1802 
1629 4 1783 1810 1805 1313 
1630 4 1314 1808 1810 1783 
1631 4 1808 1322 1809 1810 
1632 4 1810 1809 1321 1805 
1633 4 1785 1812 1808 1314 
1634 4 44 45 1812 1785 
1635 4 45 46 1811 1812 
1636 4 1812 1811 1322 1808 
1637 4 1788 1815 223 222 
1638 4 1315 1813 1815 1788 
1639 4 1813 1323 1814 1815 
1640 4 1815 1814 224 223 
1641 4 1791 1818 1813 1315 
1642 4 1316 1816 1818 1791 
1643 4 1816 1324 1817 1818 
1644 4 1818 1817 1323 1813 
1645 4 1794 1821 1816 1316 
1646 4 1317 1819 1821 1794 
1647 4 1819 1325 1820 1821 
1648 4 1821 1820 1324 1816 
1649 4 1797 1824 1819 1317 
1650 4 1318 1822 1824 1797 
1651 4 1822 1326 1823 1824 
1652 4 1824 1823 1325 1819 
1653 4 1800 1827 1822 1318 
1654 4 1319 1825 1827 1800 
1655 4 1825 1327 1826 1827 
1656 4 1827 1826 1326 1822 
1657 4 1803 1830 1825 1319 
1658 4 1320 1828 1830 1803 
1659 4 1828 1328 1829 1830 
1660 4 1830 1829 1327 1825 
1661 4 1806 1833 1828 1320 
1662 4 1321 1831 1833 1806 
1663 4 1831 1329 1832 1833 
1664 4 1833 1832 1328 1828 
1665 4 1809 1836 1831 1321 
1666 4 1322 1834 1836 1809 
1667 4 1834 1330 1835 1836 
1668 4 1836 1835 1329 1831 
1669 4 1811 1838 1834 1322 
1670 4 46 47 1838 1811 
1671 4 47 48 1837 1838 
1672 4 1838 1837 1330 1834 
1673 4 1814 1841 225 224 
1674 4 1323 1839 1841 1814 
1675 4 1839 1331 1840 1841 
1676 4 1841 1840 226 225 
1677 4 1817 1844 1839 1323 
1678 4 1324 1842 1844 1817 
1679 4 1842 1332 1843 1844 
1680 4 1844 1843 1331 1839 
1681 4 1820 1847 1842 1324 
1682 4 1325 1845 1847 1820 
1683 4 1845 1333 1846 1847 
1684 4 1847 1846 1332 1842 
1685 4 1823 1850 1845 1325 
1686 4 1326 1848 1850 1823 
1687 4 1848 1334 1849 1850 
1688 4 1850 1849 1333 1845 
1689 4 1826 1853 1848 1326 
1690 4 1327 1851 1853 1826 
1691 4 1851 1335 1852 1853 
1692 4 1853 1852 1334 1848 
1693 4 1829 1856 1851 1327 
1694 4 1328 1854 1856 1829 
1695 4 1854 1336 1855 1856 
1696 4 1856 1855 1335 1851 
1697 4 1832 1859 1854 1328 
1698 4 1329 1857 1859 1832 
1699 4 1857 1337 1858 1859 
1700 4 1859 1858 1336 1854 
1701 4 1835 1862 1857 1329 
1702 4 1330 1860 1862 1835 
1703 4 1860 1338 1861 1862 
1704 4 1862 1861 1337 1857 
1705 4 1837 1864 1860 1330 
1706 4 48 49 1864 1837 
1707 4 49 50 1863 1864 
1708 4 1864 1863 1338 1860 
1709 4 1840 1867 227 226 
1710 4 1331 1865 1867 1840 
1711 4 1865 1339 1866 1867 
1712 4 1867 1866 228 227 
1713 4 1843 1870 1865 1331 
1714 4 1332 1868 1870 1843 
1715 4 1868 1340 1869 1870 
1716 4 1870 1869 1339 1865 
1717 4 1846 1873 1868 1332 
1718 4 1333 1871 1873 1846 
1719 4 1871 1341 1872 1873 
1720 4 1873 1872 1340 1868 
1721 4 1849 1876 1871 1333 
1722 4 1334 1874 1876 1849 
1723 4 1874 1342 1875 1876 
1724 4 1876 1875 1341 1871 
1725 4 1852 1879 1874 1334 
1726 4 1335 1877 1879 1852 
1727 4 1877 1343 1878 1879 
1728 4 1879 1878 1342 1874 
1729 4 1855 1882 1877 1335 
1730 4 1336 1880 1882 1855 
1731 4 1880 1344 1881 1882 
1732 4 1882 1881 1343 1877 
1733 4 1858 1885 1880 1336 
1734 4 1337 1883 1885 1858 
1735 4 1883 1345 1884 1885 
1736 4 1885 1884 1344 1880 
1737 4 1861 1888 1883 1337 
1738 4 1338 1886 1888 1861 
1739 4 1886 1346 1887 1888 
1740 4 1888 1887 1345 1883 
1741 4 1863 1890 1886 1338 
1742 4 50 51 1890 1863 
1743 4 51 52 1889 1890 
1744 4 1890 1889 1346 1886 
1745 4 1866 1893 229 228 
1746 4 1339 1891 1893 1866 
1747 4 1891 1347 1892 1893 
1748 4 1893 1892 230 229 
1749 4 1869 1896 1891 1339 
1750 4 1340 1894 1896 1869 
1751 4 1894 1348 1895 1896 
1752 4 1896 1895 1347 1891 
1753 4 1872 1899 1894 1340 
1754 4 1341 1897 1899 1872 
1755 4 1897 1349 1898 1899 
1756 4 1899 1898 1348 1894 
1757 4 1875 1902 1897 1341 
1758 4 1342 1900 1902 1875 
1759 4 1900 1350 1901 1902 
1760 4 1902 1901 1349 1897 
1761 4 1878 1905 1900 1342 
1762 4 1343 1903 1905 1878 
1763 4 1903 1351 1904 1905 
1764 4 1905 1904 1350 1900 
1765 4 1881 1908 1903 1343 
1766 4 1344 1906 1908 1881 
1767 4 1906 1352 1907 1908 
1768 4 1908 1907 1351 1903 
1769 4 1884 1911 1906 1344 
1770 4 1345 1909 1911 1884 
1771 4 1909 1353 1910 1911 
1772 4 1911 1910 1352 1906 
1773 4 1887 1914 1909 1345 
1774 4 1346 1912 1914 1887 
1775 4 1912 1354 1913 1914 
1776 4 1914 1913 1353 1909 
1777 4 1889 1916 1912 1346 
1778 4 52 53 1916 1889 
1779 4 53 54 1915 1916 
1780 4 1916 1915 1354 1912 
1781 4 1892 1919 231 230 
1782 4 1347 1917 1919 1892 
1783 4 1917 1355 1918 1919 
1784 4 1919 1918 4 231 
1785 4 1895 1922 1917 1347 
1786 4 1348 1920 1922 1895 
1787 4 1920 1356 1921 1922 
1788 4 1922 1921 1355 1917 
1789 4 1898 1925 1920 1348 
1790 4 1349 1923 1925 1898 
1791 4 1923 1357 1924 1925 
1792 4 1925 1924 1356 1920 
1793 4 1901 1928 1923 1349 
1794 4 1350 1926 1928 1901 
1795 4 1926 1358 1927 1928 
1796 4 1928 1927 1357 1923 
1797 4 1904 1931 1926 1350 
1798 4 1351 1929 1931 1904 
1799 4 1929 1359 1930 1931 
1800 4 1931 1930 1358 1926 
1801 4 1907 1934 1929 1351 
1802 4 1352 1932 1934 1907 
1803 4 1932 1360 1933 1934 
1804 4 1934 1933 1359 1929 
1805 4 1910 1937 1932 1352 
1806 4 1353 1935 1937 1910 
1807 4 1935 1361 1936 1937 
1808 4 1937 1936 1360 1932 
1809 4 1913 1940 1935 1353 
1810 4 1354 1938 1940 1913 
1811 4 1938 1362 1939 1940 
1812 4 1940 1939 1361 1935 
1813 4 1915 1942 1938 1354 
1814 4 54 55 1942 1915 
1815 4 55 56 1941 1942 
1816 4 1942 1941 1362 1938 
1817 4 1918 1945 79 4 
1818 4 1355 1943 1945 1918 
1819 4 1943 1363 1944 1945 
1820 4 1945 1944 78 79 
1821 4 1921 1948 1943 1355 
1822 4 1356 1946 1948 1921 
1823 4 1946 1364 1947 1948 
1824 4 1948 1947 1363 1943 
1825 4 1924 1951 1946 1356 
1826 4 1357 1949 1951 1924 
1827 4 1949 1365 1950 1951 
1828 4 1951 1950 1364 1946 
1829 4 1927 1954 1949 1357 
1830 4 1358 1952 1954 1927 
1831 4 1952 1366 1953 1954 
1832 4 1954 1953 1365 1949 
1833 4 1930 1957 1952 1358 
1834 4 1359 1955 1957 1930 
1835 4 1955 1367 1956 1957 
1836 4 1957 1956 1366 1952 
1837 4 1933 1960 1955 1359 
1838 4 1360 1958 1960 1933 
1839 4 1958 1368 1959 1960 
1840 4 1960 1959 1367 1955 
1841 4 1936 1963 1958 1360 
1842 4 1361 1961 1963 1936 
1843 4 1961 1369 1962 1963 
1844 4 1963 1962 1368 1958 
1845 4 1939 1966 1961 1361 
1846 4 1362 1964 1966 1939 
1847 4 1964 1370 1965 1966 
1848 4 1966 1965 1369 1961 
1849 4 1941 1968 1964 1362 
1850 4 56 57 1968 1941 
1851 4 57 58 1967 1968 
1852 4 1968 1967 1370 1964 
1853 4 1944 1970 77 78 
1854 4 1363 1969 1970 1944 
1855 4 1969 75 76 1970 
1856 4 1970 76 3 77 
1857 4 1947 1972 1969 1363 
1858 4 1364 1971 1972 1947 
1859 4 1971 73 74 1972 
1860 4 1972 74 75 1969 
1861 4 1950 1974 1971 1364 
1862 4 1365 1973 1974 1950 
1863 4 1973 71 72 1974 
1864 4 1974 72 73 1971 
1865 4 1953 1976 1973 1365 
1866 4 1366 1975 1976 1953 
1867 4 1975 69 70 1976 
1868 4 1976 70 71 1973 
1869 4 1956 1978 1975 1366 
1870 4 1367 1977 1978 1956 
1871 4 1977 67 68 1978 
1872 4 1978 68 69 1975 
1873 4 1959 1980 1977 1367 
1874 4 1368 1979 1980 1959 
1875 4 1979 65 66 1980 
1876 4 1980 66 67 1977 
1877 4 1962 1982 1979 1368 
1878 4 1369 1981 1982 1962 
1879 4 1981 63 64 1982 
1880 4 1982 64 65 1979 
1881 4 1965 1984 1981 1369 
1882 4 1370 1983 1984 1965 
1883 4 1983 61 62 1984 
1884 4 1984 62 63 1981 
1885 4 1967 1985 1983 1370 
1886 4 58 59 1985 1967 
1887 4 59 2 60 1985 
1888 4 1985 60 61 1983 
No._nodes_with_prescribed_DOFs: 147
Node_#, DOF#, Value:
7	2	0.008
8	2	0.008
103	2	0.008
104	2	0.008
105	2	0.008
106	2	0.008
107	2	0.008
108	2	0.008
109	2	0.008
110	2	0.008
111	2	0.008
112	2	0.008
113	2	0.008
114	2	0.008
115	2	0.008
116	2	0.008
117	2	0.008
118	2	0.008
119	2	0.008
120	2	0.008
121	2	0.008
122	2	0.008
123	2	0.008
124	2	0.008
125	2	0.008
126	2	0.008
127	2	0.008
128	2	0.008
129	2	0.008
130	2	0.008
131	2	0.008
132	2	0.008
133	2	0.008
134	2	0.008
135	2	0.008
136	2	0.008
137	2	0.008
138	2	0.008
139	2	0.008
140	2	0.008
141	2	0.008
142	2	0.008
143	2	0.008
144	2	0.008
145	2	0.008
146	2	0.008
147	2	0.008
148	2	0.008
149	2	0.008
1	1	0
2	1	0
13	1	0
14	1	0
15	1	0
16	1	0
17	1	0
18	1	0
19	1	0
20	1	0
21	1	0
22	1	0
23	1	0
24	1	0
25	1	0
26	1	0
27	1	0
28	1	0
29	1	0
30	1	0
31	1	0
32	1	0
33	1	0
34	1	0
35	1	0
36	1	0
37	1	0
38	1	0
39	1	0
40	1	0
41	1	0
42	1	0
43	1	0
44	1	0
45	1	0
46	1	0
47	1	0
48	1	0
49	1	0
50	1	0
51	1	0
52	1	0
53	1	0
54	1	0
55	1	0
56	1	0
57	1	0
58	1	0
59	1	0
1	2	0
2	2	0
13	2	0
14	2	0
15	2	0
16	2	0
17	2	0
18	2	0
19	2	0
20	2	0
21	2	0
22	2	0
23	2	0
24	2	0
25	2	0
26	2	0
27	2	0
28	2	0
29	2	0
30	2	0
31	2	0
32	2	0
33	2	0
34	2	0
35	2	0
36	2	0
37	2	0
38	2	0
39	2	0
40	2	0
41	2	0
42	2	0
43	2	0
44	2	0
45	2	0
46	2	0
47	2	0
48	2	0
49	2	0
50	2	0
51	2	0
52	2	0
53	2	0
54	2	0
55	2	0
56	2	0
57	2	0
58	2	0
59	2	0
