No._nodes:             2601
Nodal_coords:
0	0
2	0
4	0
6	0
8	0
10	0
12	0
14	0
16	0
18	0
20	0
22	0
24	0
26	0
28	0
30	0
32	0
34	0
36	0
38	0
40	0
42	0
44	0
46	0
48	0
50	0
52	0
54	0
56	0
58	0
60	0
62	0
64	0
66	0
68	0
70	0
72	0
74	0
76	0
78	0
80	0
82	0
84	0
86	0
88	0
90	0
92	0
94	0
96	0
98	0
100	0
0	2
2	2
4	2
6	2
8	2
10	2
12	2
14	2
16	2
18	2
20	2
22	2
24	2
26	2
28	2
30	2
32	2
34	2
36	2
38	2
40	2
42	2
44	2
46	2
48	2
50	2
52	2
54	2
56	2
58	2
60	2
62	2
64	2
66	2
68	2
70	2
72	2
74	2
76	2
78	2
80	2
82	2
84	2
86	2
88	2
90	2
92	2
94	2
96	2
98	2
100	2
0	4
2	4
4	4
6	4
8	4
10	4
12	4
14	4
16	4
18	4
20	4
22	4
24	4
26	4
28	4
30	4
32	4
34	4
36	4
38	4
40	4
42	4
44	4
46	4
48	4
50	4
52	4
54	4
56	4
58	4
60	4
62	4
64	4
66	4
68	4
70	4
72	4
74	4
76	4
78	4
80	4
82	4
84	4
86	4
88	4
90	4
92	4
94	4
96	4
98	4
100	4
0	6
2	6
4	6
6	6
8	6
10	6
12	6
14	6
16	6
18	6
20	6
22	6
24	6
26	6
28	6
30	6
32	6
34	6
36	6
38	6
40	6
42	6
44	6
46	6
48	6
50	6
52	6
54	6
56	6
58	6
60	6
62	6
64	6
66	6
68	6
70	6
72	6
74	6
76	6
78	6
80	6
82	6
84	6
86	6
88	6
90	6
92	6
94	6
96	6
98	6
100	6
0	8
2	8
4	8
6	8
8	8
10	8
12	8
14	8
16	8
18	8
20	8
22	8
24	8
26	8
28	8
30	8
32	8
34	8
36	8
38	8
40	8
42	8
44	8
46	8
48	8
50	8
52	8
54	8
56	8
58	8
60	8
62	8
64	8
66	8
68	8
70	8
72	8
74	8
76	8
78	8
80	8
82	8
84	8
86	8
88	8
90	8
92	8
94	8
96	8
98	8
100	8
0	10
2	10
4	10
6	10
8	10
10	10
12	10
14	10
16	10
18	10
20	10
22	10
24	10
26	10
28	10
30	10
32	10
34	10
36	10
38	10
40	10
42	10
44	10
46	10
48	10
50	10
52	10
54	10
56	10
58	10
60	10
62	10
64	10
66	10
68	10
70	10
72	10
74	10
76	10
78	10
80	10
82	10
84	10
86	10
88	10
90	10
92	10
94	10
96	10
98	10
100	10
0	12
2	12
4	12
6	12
8	12
10	12
12	12
14	12
16	12
18	12
20	12
22	12
24	12
26	12
28	12
30	12
32	12
34	12
36	12
38	12
40	12
42	12
44	12
46	12
48	12
50	12
52	12
54	12
56	12
58	12
60	12
62	12
64	12
66	12
68	12
70	12
72	12
74	12
76	12
78	12
80	12
82	12
84	12
86	12
88	12
90	12
92	12
94	12
96	12
98	12
100	12
0	14
2	14
4	14
6	14
8	14
10	14
12	14
14	14
16	14
18	14
20	14
22	14
24	14
26	14
28	14
30	14
32	14
34	14
36	14
38	14
40	14
42	14
44	14
46	14
48	14
50	14
52	14
54	14
56	14
58	14
60	14
62	14
64	14
66	14
68	14
70	14
72	14
74	14
76	14
78	14
80	14
82	14
84	14
86	14
88	14
90	14
92	14
94	14
96	14
98	14
100	14
0	16
2	16
4	16
6	16
8	16
10	16
12	16
14	16
16	16
18	16
20	16
22	16
24	16
26	16
28	16
30	16
32	16
34	16
36	16
38	16
40	16
42	16
44	16
46	16
48	16
50	16
52	16
54	16
56	16
58	16
60	16
62	16
64	16
66	16
68	16
70	16
72	16
74	16
76	16
78	16
80	16
82	16
84	16
86	16
88	16
90	16
92	16
94	16
96	16
98	16
100	16
0	18
2	18
4	18
6	18
8	18
10	18
12	18
14	18
16	18
18	18
20	18
22	18
24	18
26	18
28	18
30	18
32	18
34	18
36	18
38	18
40	18
42	18
44	18
46	18
48	18
50	18
52	18
54	18
56	18
58	18
60	18
62	18
64	18
66	18
68	18
70	18
72	18
74	18
76	18
78	18
80	18
82	18
84	18
86	18
88	18
90	18
92	18
94	18
96	18
98	18
100	18
0	20
2	20
4	20
6	20
8	20
10	20
12	20
14	20
16	20
18	20
20	20
22	20
24	20
26	20
28	20
30	20
32	20
34	20
36	20
38	20
40	20
42	20
44	20
46	20
48	20
50	20
52	20
54	20
56	20
58	20
60	20
62	20
64	20
66	20
68	20
70	20
72	20
74	20
76	20
78	20
80	20
82	20
84	20
86	20
88	20
90	20
92	20
94	20
96	20
98	20
100	20
0	22
2	22
4	22
6	22
8	22
10	22
12	22
14	22
16	22
18	22
20	22
22	22
24	22
26	22
28	22
30	22
32	22
34	22
36	22
38	22
40	22
42	22
44	22
46	22
48	22
50	22
52	22
54	22
56	22
58	22
60	22
62	22
64	22
66	22
68	22
70	22
72	22
74	22
76	22
78	22
80	22
82	22
84	22
86	22
88	22
90	22
92	22
94	22
96	22
98	22
100	22
0	24
2	24
4	24
6	24
8	24
10	24
12	24
14	24
16	24
18	24
20	24
22	24
24	24
26	24
28	24
30	24
32	24
34	24
36	24
38	24
40	24
42	24
44	24
46	24
48	24
50	24
52	24
54	24
56	24
58	24
60	24
62	24
64	24
66	24
68	24
70	24
72	24
74	24
76	24
78	24
80	24
82	24
84	24
86	24
88	24
90	24
92	24
94	24
96	24
98	24
100	24
0	26
2	26
4	26
6	26
8	26
10	26
12	26
14	26
16	26
18	26
20	26
22	26
24	26
26	26
28	26
30	26
32	26
34	26
36	26
38	26
40	26
42	26
44	26
46	26
48	26
50	26
52	26
54	26
56	26
58	26
60	26
62	26
64	26
66	26
68	26
70	26
72	26
74	26
76	26
78	26
80	26
82	26
84	26
86	26
88	26
90	26
92	26
94	26
96	26
98	26
100	26
0	28
2	28
4	28
6	28
8	28
10	28
12	28
14	28
16	28
18	28
20	28
22	28
24	28
26	28
28	28
30	28
32	28
34	28
36	28
38	28
40	28
42	28
44	28
46	28
48	28
50	28
52	28
54	28
56	28
58	28
60	28
62	28
64	28
66	28
68	28
70	28
72	28
74	28
76	28
78	28
80	28
82	28
84	28
86	28
88	28
90	28
92	28
94	28
96	28
98	28
100	28
0	30
2	30
4	30
6	30
8	30
10	30
12	30
14	30
16	30
18	30
20	30
22	30
24	30
26	30
28	30
30	30
32	30
34	30
36	30
38	30
40	30
42	30
44	30
46	30
48	30
50	30
52	30
54	30
56	30
58	30
60	30
62	30
64	30
66	30
68	30
70	30
72	30
74	30
76	30
78	30
80	30
82	30
84	30
86	30
88	30
90	30
92	30
94	30
96	30
98	30
100	30
0	32
2	32
4	32
6	32
8	32
10	32
12	32
14	32
16	32
18	32
20	32
22	32
24	32
26	32
28	32
30	32
32	32
34	32
36	32
38	32
40	32
42	32
44	32
46	32
48	32
50	32
52	32
54	32
56	32
58	32
60	32
62	32
64	32
66	32
68	32
70	32
72	32
74	32
76	32
78	32
80	32
82	32
84	32
86	32
88	32
90	32
92	32
94	32
96	32
98	32
100	32
0	34
2	34
4	34
6	34
8	34
10	34
12	34
14	34
16	34
18	34
20	34
22	34
24	34
26	34
28	34
30	34
32	34
34	34
36	34
38	34
40	34
42	34
44	34
46	34
48	34
50	34
52	34
54	34
56	34
58	34
60	34
62	34
64	34
66	34
68	34
70	34
72	34
74	34
76	34
78	34
80	34
82	34
84	34
86	34
88	34
90	34
92	34
94	34
96	34
98	34
100	34
0	36
2	36
4	36
6	36
8	36
10	36
12	36
14	36
16	36
18	36
20	36
22	36
24	36
26	36
28	36
30	36
32	36
34	36
36	36
38	36
40	36
42	36
44	36
46	36
48	36
50	36
52	36
54	36
56	36
58	36
60	36
62	36
64	36
66	36
68	36
70	36
72	36
74	36
76	36
78	36
80	36
82	36
84	36
86	36
88	36
90	36
92	36
94	36
96	36
98	36
100	36
0	38
2	38
4	38
6	38
8	38
10	38
12	38
14	38
16	38
18	38
20	38
22	38
24	38
26	38
28	38
30	38
32	38
34	38
36	38
38	38
40	38
42	38
44	38
46	38
48	38
50	38
52	38
54	38
56	38
58	38
60	38
62	38
64	38
66	38
68	38
70	38
72	38
74	38
76	38
78	38
80	38
82	38
84	38
86	38
88	38
90	38
92	38
94	38
96	38
98	38
100	38
0	40
2	40
4	40
6	40
8	40
10	40
12	40
14	40
16	40
18	40
20	40
22	40
24	40
26	40
28	40
30	40
32	40
34	40
36	40
38	40
40	40
42	40
44	40
46	40
48	40
50	40
52	40
54	40
56	40
58	40
60	40
62	40
64	40
66	40
68	40
70	40
72	40
74	40
76	40
78	40
80	40
82	40
84	40
86	40
88	40
90	40
92	40
94	40
96	40
98	40
100	40
0	42
2	42
4	42
6	42
8	42
10	42
12	42
14	42
16	42
18	42
20	42
22	42
24	42
26	42
28	42
30	42
32	42
34	42
36	42
38	42
40	42
42	42
44	42
46	42
48	42
50	42
52	42
54	42
56	42
58	42
60	42
62	42
64	42
66	42
68	42
70	42
72	42
74	42
76	42
78	42
80	42
82	42
84	42
86	42
88	42
90	42
92	42
94	42
96	42
98	42
100	42
0	44
2	44
4	44
6	44
8	44
10	44
12	44
14	44
16	44
18	44
20	44
22	44
24	44
26	44
28	44
30	44
32	44
34	44
36	44
38	44
40	44
42	44
44	44
46	44
48	44
50	44
52	44
54	44
56	44
58	44
60	44
62	44
64	44
66	44
68	44
70	44
72	44
74	44
76	44
78	44
80	44
82	44
84	44
86	44
88	44
90	44
92	44
94	44
96	44
98	44
100	44
0	46
2	46
4	46
6	46
8	46
10	46
12	46
14	46
16	46
18	46
20	46
22	46
24	46
26	46
28	46
30	46
32	46
34	46
36	46
38	46
40	46
42	46
44	46
46	46
48	46
50	46
52	46
54	46
56	46
58	46
60	46
62	46
64	46
66	46
68	46
70	46
72	46
74	46
76	46
78	46
80	46
82	46
84	46
86	46
88	46
90	46
92	46
94	46
96	46
98	46
100	46
0	48
2	48
4	48
6	48
8	48
10	48
12	48
14	48
16	48
18	48
20	48
22	48
24	48
26	48
28	48
30	48
32	48
34	48
36	48
38	48
40	48
42	48
44	48
46	48
48	48
50	48
52	48
54	48
56	48
58	48
60	48
62	48
64	48
66	48
68	48
70	48
72	48
74	48
76	48
78	48
80	48
82	48
84	48
86	48
88	48
90	48
92	48
94	48
96	48
98	48
100	48
0	50
2	50
4	50
6	50
8	50
10	50
12	50
14	50
16	50
18	50
20	50
22	50
24	50
26	50
28	50
30	50
32	50
34	50
36	50
38	50
40	50
42	50
44	50
46	50
48	50
50	50
52	50
54	50
56	50
58	50
60	50
62	50
64	50
66	50
68	50
70	50
72	50
74	50
76	50
78	50
80	50
82	50
84	50
86	50
88	50
90	50
92	50
94	50
96	50
98	50
100	50
0	52
2	52
4	52
6	52
8	52
10	52
12	52
14	52
16	52
18	52
20	52
22	52
24	52
26	52
28	52
30	52
32	52
34	52
36	52
38	52
40	52
42	52
44	52
46	52
48	52
50	52
52	52
54	52
56	52
58	52
60	52
62	52
64	52
66	52
68	52
70	52
72	52
74	52
76	52
78	52
80	52
82	52
84	52
86	52
88	52
90	52
92	52
94	52
96	52
98	52
100	52
0	54
2	54
4	54
6	54
8	54
10	54
12	54
14	54
16	54
18	54
20	54
22	54
24	54
26	54
28	54
30	54
32	54
34	54
36	54
38	54
40	54
42	54
44	54
46	54
48	54
50	54
52	54
54	54
56	54
58	54
60	54
62	54
64	54
66	54
68	54
70	54
72	54
74	54
76	54
78	54
80	54
82	54
84	54
86	54
88	54
90	54
92	54
94	54
96	54
98	54
100	54
0	56
2	56
4	56
6	56
8	56
10	56
12	56
14	56
16	56
18	56
20	56
22	56
24	56
26	56
28	56
30	56
32	56
34	56
36	56
38	56
40	56
42	56
44	56
46	56
48	56
50	56
52	56
54	56
56	56
58	56
60	56
62	56
64	56
66	56
68	56
70	56
72	56
74	56
76	56
78	56
80	56
82	56
84	56
86	56
88	56
90	56
92	56
94	56
96	56
98	56
100	56
0	58
2	58
4	58
6	58
8	58
10	58
12	58
14	58
16	58
18	58
20	58
22	58
24	58
26	58
28	58
30	58
32	58
34	58
36	58
38	58
40	58
42	58
44	58
46	58
48	58
50	58
52	58
54	58
56	58
58	58
60	58
62	58
64	58
66	58
68	58
70	58
72	58
74	58
76	58
78	58
80	58
82	58
84	58
86	58
88	58
90	58
92	58
94	58
96	58
98	58
100	58
0	60
2	60
4	60
6	60
8	60
10	60
12	60
14	60
16	60
18	60
20	60
22	60
24	60
26	60
28	60
30	60
32	60
34	60
36	60
38	60
40	60
42	60
44	60
46	60
48	60
50	60
52	60
54	60
56	60
58	60
60	60
62	60
64	60
66	60
68	60
70	60
72	60
74	60
76	60
78	60
80	60
82	60
84	60
86	60
88	60
90	60
92	60
94	60
96	60
98	60
100	60
0	62
2	62
4	62
6	62
8	62
10	62
12	62
14	62
16	62
18	62
20	62
22	62
24	62
26	62
28	62
30	62
32	62
34	62
36	62
38	62
40	62
42	62
44	62
46	62
48	62
50	62
52	62
54	62
56	62
58	62
60	62
62	62
64	62
66	62
68	62
70	62
72	62
74	62
76	62
78	62
80	62
82	62
84	62
86	62
88	62
90	62
92	62
94	62
96	62
98	62
100	62
0	64
2	64
4	64
6	64
8	64
10	64
12	64
14	64
16	64
18	64
20	64
22	64
24	64
26	64
28	64
30	64
32	64
34	64
36	64
38	64
40	64
42	64
44	64
46	64
48	64
50	64
52	64
54	64
56	64
58	64
60	64
62	64
64	64
66	64
68	64
70	64
72	64
74	64
76	64
78	64
80	64
82	64
84	64
86	64
88	64
90	64
92	64
94	64
96	64
98	64
100	64
0	66
2	66
4	66
6	66
8	66
10	66
12	66
14	66
16	66
18	66
20	66
22	66
24	66
26	66
28	66
30	66
32	66
34	66
36	66
38	66
40	66
42	66
44	66
46	66
48	66
50	66
52	66
54	66
56	66
58	66
60	66
62	66
64	66
66	66
68	66
70	66
72	66
74	66
76	66
78	66
80	66
82	66
84	66
86	66
88	66
90	66
92	66
94	66
96	66
98	66
100	66
0	68
2	68
4	68
6	68
8	68
10	68
12	68
14	68
16	68
18	68
20	68
22	68
24	68
26	68
28	68
30	68
32	68
34	68
36	68
38	68
40	68
42	68
44	68
46	68
48	68
50	68
52	68
54	68
56	68
58	68
60	68
62	68
64	68
66	68
68	68
70	68
72	68
74	68
76	68
78	68
80	68
82	68
84	68
86	68
88	68
90	68
92	68
94	68
96	68
98	68
100	68
0	70
2	70
4	70
6	70
8	70
10	70
12	70
14	70
16	70
18	70
20	70
22	70
24	70
26	70
28	70
30	70
32	70
34	70
36	70
38	70
40	70
42	70
44	70
46	70
48	70
50	70
52	70
54	70
56	70
58	70
60	70
62	70
64	70
66	70
68	70
70	70
72	70
74	70
76	70
78	70
80	70
82	70
84	70
86	70
88	70
90	70
92	70
94	70
96	70
98	70
100	70
0	72
2	72
4	72
6	72
8	72
10	72
12	72
14	72
16	72
18	72
20	72
22	72
24	72
26	72
28	72
30	72
32	72
34	72
36	72
38	72
40	72
42	72
44	72
46	72
48	72
50	72
52	72
54	72
56	72
58	72
60	72
62	72
64	72
66	72
68	72
70	72
72	72
74	72
76	72
78	72
80	72
82	72
84	72
86	72
88	72
90	72
92	72
94	72
96	72
98	72
100	72
0	74
2	74
4	74
6	74
8	74
10	74
12	74
14	74
16	74
18	74
20	74
22	74
24	74
26	74
28	74
30	74
32	74
34	74
36	74
38	74
40	74
42	74
44	74
46	74
48	74
50	74
52	74
54	74
56	74
58	74
60	74
62	74
64	74
66	74
68	74
70	74
72	74
74	74
76	74
78	74
80	74
82	74
84	74
86	74
88	74
90	74
92	74
94	74
96	74
98	74
100	74
0	76
2	76
4	76
6	76
8	76
10	76
12	76
14	76
16	76
18	76
20	76
22	76
24	76
26	76
28	76
30	76
32	76
34	76
36	76
38	76
40	76
42	76
44	76
46	76
48	76
50	76
52	76
54	76
56	76
58	76
60	76
62	76
64	76
66	76
68	76
70	76
72	76
74	76
76	76
78	76
80	76
82	76
84	76
86	76
88	76
90	76
92	76
94	76
96	76
98	76
100	76
0	78
2	78
4	78
6	78
8	78
10	78
12	78
14	78
16	78
18	78
20	78
22	78
24	78
26	78
28	78
30	78
32	78
34	78
36	78
38	78
40	78
42	78
44	78
46	78
48	78
50	78
52	78
54	78
56	78
58	78
60	78
62	78
64	78
66	78
68	78
70	78
72	78
74	78
76	78
78	78
80	78
82	78
84	78
86	78
88	78
90	78
92	78
94	78
96	78
98	78
100	78
0	80
2	80
4	80
6	80
8	80
10	80
12	80
14	80
16	80
18	80
20	80
22	80
24	80
26	80
28	80
30	80
32	80
34	80
36	80
38	80
40	80
42	80
44	80
46	80
48	80
50	80
52	80
54	80
56	80
58	80
60	80
62	80
64	80
66	80
68	80
70	80
72	80
74	80
76	80
78	80
80	80
82	80
84	80
86	80
88	80
90	80
92	80
94	80
96	80
98	80
100	80
0	82
2	82
4	82
6	82
8	82
10	82
12	82
14	82
16	82
18	82
20	82
22	82
24	82
26	82
28	82
30	82
32	82
34	82
36	82
38	82
40	82
42	82
44	82
46	82
48	82
50	82
52	82
54	82
56	82
58	82
60	82
62	82
64	82
66	82
68	82
70	82
72	82
74	82
76	82
78	82
80	82
82	82
84	82
86	82
88	82
90	82
92	82
94	82
96	82
98	82
100	82
0	84
2	84
4	84
6	84
8	84
10	84
12	84
14	84
16	84
18	84
20	84
22	84
24	84
26	84
28	84
30	84
32	84
34	84
36	84
38	84
40	84
42	84
44	84
46	84
48	84
50	84
52	84
54	84
56	84
58	84
60	84
62	84
64	84
66	84
68	84
70	84
72	84
74	84
76	84
78	84
80	84
82	84
84	84
86	84
88	84
90	84
92	84
94	84
96	84
98	84
100	84
0	86
2	86
4	86
6	86
8	86
10	86
12	86
14	86
16	86
18	86
20	86
22	86
24	86
26	86
28	86
30	86
32	86
34	86
36	86
38	86
40	86
42	86
44	86
46	86
48	86
50	86
52	86
54	86
56	86
58	86
60	86
62	86
64	86
66	86
68	86
70	86
72	86
74	86
76	86
78	86
80	86
82	86
84	86
86	86
88	86
90	86
92	86
94	86
96	86
98	86
100	86
0	88
2	88
4	88
6	88
8	88
10	88
12	88
14	88
16	88
18	88
20	88
22	88
24	88
26	88
28	88
30	88
32	88
34	88
36	88
38	88
40	88
42	88
44	88
46	88
48	88
50	88
52	88
54	88
56	88
58	88
60	88
62	88
64	88
66	88
68	88
70	88
72	88
74	88
76	88
78	88
80	88
82	88
84	88
86	88
88	88
90	88
92	88
94	88
96	88
98	88
100	88
0	90
2	90
4	90
6	90
8	90
10	90
12	90
14	90
16	90
18	90
20	90
22	90
24	90
26	90
28	90
30	90
32	90
34	90
36	90
38	90
40	90
42	90
44	90
46	90
48	90
50	90
52	90
54	90
56	90
58	90
60	90
62	90
64	90
66	90
68	90
70	90
72	90
74	90
76	90
78	90
80	90
82	90
84	90
86	90
88	90
90	90
92	90
94	90
96	90
98	90
100	90
0	92
2	92
4	92
6	92
8	92
10	92
12	92
14	92
16	92
18	92
20	92
22	92
24	92
26	92
28	92
30	92
32	92
34	92
36	92
38	92
40	92
42	92
44	92
46	92
48	92
50	92
52	92
54	92
56	92
58	92
60	92
62	92
64	92
66	92
68	92
70	92
72	92
74	92
76	92
78	92
80	92
82	92
84	92
86	92
88	92
90	92
92	92
94	92
96	92
98	92
100	92
0	94
2	94
4	94
6	94
8	94
10	94
12	94
14	94
16	94
18	94
20	94
22	94
24	94
26	94
28	94
30	94
32	94
34	94
36	94
38	94
40	94
42	94
44	94
46	94
48	94
50	94
52	94
54	94
56	94
58	94
60	94
62	94
64	94
66	94
68	94
70	94
72	94
74	94
76	94
78	94
80	94
82	94
84	94
86	94
88	94
90	94
92	94
94	94
96	94
98	94
100	94
0	96
2	96
4	96
6	96
8	96
10	96
12	96
14	96
16	96
18	96
20	96
22	96
24	96
26	96
28	96
30	96
32	96
34	96
36	96
38	96
40	96
42	96
44	96
46	96
48	96
50	96
52	96
54	96
56	96
58	96
60	96
62	96
64	96
66	96
68	96
70	96
72	96
74	96
76	96
78	96
80	96
82	96
84	96
86	96
88	96
90	96
92	96
94	96
96	96
98	96
100	96
0	98
2	98
4	98
6	98
8	98
10	98
12	98
14	98
16	98
18	98
20	98
22	98
24	98
26	98
28	98
30	98
32	98
34	98
36	98
38	98
40	98
42	98
44	98
46	98
48	98
50	98
52	98
54	98
56	98
58	98
60	98
62	98
64	98
66	98
68	98
70	98
72	98
74	98
76	98
78	98
80	98
82	98
84	98
86	98
88	98
90	98
92	98
94	98
96	98
98	98
100	98
0	100
2	100
4	100
6	100
8	100
10	100
12	100
14	100
16	100
18	100
20	100
22	100
24	100
26	100
28	100
30	100
32	100
34	100
36	100
38	100
40	100
42	100
44	100
46	100
48	100
50	100
52	100
54	100
56	100
58	100
60	100
62	100
64	100
66	100
68	100
70	100
72	100
74	100
76	100
78	100
80	100
82	100
84	100
86	100
88	100
90	100
92	100
94	100
96	100
98	100
100	100
No._elements:                       2500
Max_no._nodes_on_any_one_element:   4
element_identifier; no._nodes_on_element; connectivity:
1	4	1	2	53	52
2	4	2	3	54	53
3	4	3	4	55	54
4	4	4	5	56	55
5	4	5	6	57	56
6	4	6	7	58	57
7	4	7	8	59	58
8	4	8	9	60	59
9	4	9	10	61	60
10	4	10	11	62	61
11	4	11	12	63	62
12	4	12	13	64	63
13	4	13	14	65	64
14	4	14	15	66	65
15	4	15	16	67	66
16	4	16	17	68	67
17	4	17	18	69	68
18	4	18	19	70	69
19	4	19	20	71	70
20	4	20	21	72	71
21	4	21	22	73	72
22	4	22	23	74	73
23	4	23	24	75	74
24	4	24	25	76	75
25	4	25	26	77	76
26	4	26	27	78	77
27	4	27	28	79	78
28	4	28	29	80	79
29	4	29	30	81	80
30	4	30	31	82	81
31	4	31	32	83	82
32	4	32	33	84	83
33	4	33	34	85	84
34	4	34	35	86	85
35	4	35	36	87	86
36	4	36	37	88	87
37	4	37	38	89	88
38	4	38	39	90	89
39	4	39	40	91	90
40	4	40	41	92	91
41	4	41	42	93	92
42	4	42	43	94	93
43	4	43	44	95	94
44	4	44	45	96	95
45	4	45	46	97	96
46	4	46	47	98	97
47	4	47	48	99	98
48	4	48	49	100	99
49	4	49	50	101	100
50	4	50	51	102	101
51	4	52	53	104	103
52	4	53	54	105	104
53	4	54	55	106	105
54	4	55	56	107	106
55	4	56	57	108	107
56	4	57	58	109	108
57	4	58	59	110	109
58	4	59	60	111	110
59	4	60	61	112	111
60	4	61	62	113	112
61	4	62	63	114	113
62	4	63	64	115	114
63	4	64	65	116	115
64	4	65	66	117	116
65	4	66	67	118	117
66	4	67	68	119	118
67	4	68	69	120	119
68	4	69	70	121	120
69	4	70	71	122	121
70	4	71	72	123	122
71	4	72	73	124	123
72	4	73	74	125	124
73	4	74	75	126	125
74	4	75	76	127	126
75	4	76	77	128	127
76	4	77	78	129	128
77	4	78	79	130	129
78	4	79	80	131	130
79	4	80	81	132	131
80	4	81	82	133	132
81	4	82	83	134	133
82	4	83	84	135	134
83	4	84	85	136	135
84	4	85	86	137	136
85	4	86	87	138	137
86	4	87	88	139	138
87	4	88	89	140	139
88	4	89	90	141	140
89	4	90	91	142	141
90	4	91	92	143	142
91	4	92	93	144	143
92	4	93	94	145	144
93	4	94	95	146	145
94	4	95	96	147	146
95	4	96	97	148	147
96	4	97	98	149	148
97	4	98	99	150	149
98	4	99	100	151	150
99	4	100	101	152	151
100	4	101	102	153	152
101	4	103	104	155	154
102	4	104	105	156	155
103	4	105	106	157	156
104	4	106	107	158	157
105	4	107	108	159	158
106	4	108	109	160	159
107	4	109	110	161	160
108	4	110	111	162	161
109	4	111	112	163	162
110	4	112	113	164	163
111	4	113	114	165	164
112	4	114	115	166	165
113	4	115	116	167	166
114	4	116	117	168	167
115	4	117	118	169	168
116	4	118	119	170	169
117	4	119	120	171	170
118	4	120	121	172	171
119	4	121	122	173	172
120	4	122	123	174	173
121	4	123	124	175	174
122	4	124	125	176	175
123	4	125	126	177	176
124	4	126	127	178	177
125	4	127	128	179	178
126	4	128	129	180	179
127	4	129	130	181	180
128	4	130	131	182	181
129	4	131	132	183	182
130	4	132	133	184	183
131	4	133	134	185	184
132	4	134	135	186	185
133	4	135	136	187	186
134	4	136	137	188	187
135	4	137	138	189	188
136	4	138	139	190	189
137	4	139	140	191	190
138	4	140	141	192	191
139	4	141	142	193	192
140	4	142	143	194	193
141	4	143	144	195	194
142	4	144	145	196	195
143	4	145	146	197	196
144	4	146	147	198	197
145	4	147	148	199	198
146	4	148	149	200	199
147	4	149	150	201	200
148	4	150	151	202	201
149	4	151	152	203	202
150	4	152	153	204	203
151	4	154	155	206	205
152	4	155	156	207	206
153	4	156	157	208	207
154	4	157	158	209	208
155	4	158	159	210	209
156	4	159	160	211	210
157	4	160	161	212	211
158	4	161	162	213	212
159	4	162	163	214	213
160	4	163	164	215	214
161	4	164	165	216	215
162	4	165	166	217	216
163	4	166	167	218	217
164	4	167	168	219	218
165	4	168	169	220	219
166	4	169	170	221	220
167	4	170	171	222	221
168	4	171	172	223	222
169	4	172	173	224	223
170	4	173	174	225	224
171	4	174	175	226	225
172	4	175	176	227	226
173	4	176	177	228	227
174	4	177	178	229	228
175	4	178	179	230	229
176	4	179	180	231	230
177	4	180	181	232	231
178	4	181	182	233	232
179	4	182	183	234	233
180	4	183	184	235	234
181	4	184	185	236	235
182	4	185	186	237	236
183	4	186	187	238	237
184	4	187	188	239	238
185	4	188	189	240	239
186	4	189	190	241	240
187	4	190	191	242	241
188	4	191	192	243	242
189	4	192	193	244	243
190	4	193	194	245	244
191	4	194	195	246	245
192	4	195	196	247	246
193	4	196	197	248	247
194	4	197	198	249	248
195	4	198	199	250	249
196	4	199	200	251	250
197	4	200	201	252	251
198	4	201	202	253	252
199	4	202	203	254	253
200	4	203	204	255	254
201	4	205	206	257	256
202	4	206	207	258	257
203	4	207	208	259	258
204	4	208	209	260	259
205	4	209	210	261	260
206	4	210	211	262	261
207	4	211	212	263	262
208	4	212	213	264	263
209	4	213	214	265	264
210	4	214	215	266	265
211	4	215	216	267	266
212	4	216	217	268	267
213	4	217	218	269	268
214	4	218	219	270	269
215	4	219	220	271	270
216	4	220	221	272	271
217	4	221	222	273	272
218	4	222	223	274	273
219	4	223	224	275	274
220	4	224	225	276	275
221	4	225	226	277	276
222	4	226	227	278	277
223	4	227	228	279	278
224	4	228	229	280	279
225	4	229	230	281	280
226	4	230	231	282	281
227	4	231	232	283	282
228	4	232	233	284	283
229	4	233	234	285	284
230	4	234	235	286	285
231	4	235	236	287	286
232	4	236	237	288	287
233	4	237	238	289	288
234	4	238	239	290	289
235	4	239	240	291	290
236	4	240	241	292	291
237	4	241	242	293	292
238	4	242	243	294	293
239	4	243	244	295	294
240	4	244	245	296	295
241	4	245	246	297	296
242	4	246	247	298	297
243	4	247	248	299	298
244	4	248	249	300	299
245	4	249	250	301	300
246	4	250	251	302	301
247	4	251	252	303	302
248	4	252	253	304	303
249	4	253	254	305	304
250	4	254	255	306	305
251	4	256	257	308	307
252	4	257	258	309	308
253	4	258	259	310	309
254	4	259	260	311	310
255	4	260	261	312	311
256	4	261	262	313	312
257	4	262	263	314	313
258	4	263	264	315	314
259	4	264	265	316	315
260	4	265	266	317	316
261	4	266	267	318	317
262	4	267	268	319	318
263	4	268	269	320	319
264	4	269	270	321	320
265	4	270	271	322	321
266	4	271	272	323	322
267	4	272	273	324	323
268	4	273	274	325	324
269	4	274	275	326	325
270	4	275	276	327	326
271	4	276	277	328	327
272	4	277	278	329	328
273	4	278	279	330	329
274	4	279	280	331	330
275	4	280	281	332	331
276	4	281	282	333	332
277	4	282	283	334	333
278	4	283	284	335	334
279	4	284	285	336	335
280	4	285	286	337	336
281	4	286	287	338	337
282	4	287	288	339	338
283	4	288	289	340	339
284	4	289	290	341	340
285	4	290	291	342	341
286	4	291	292	343	342
287	4	292	293	344	343
288	4	293	294	345	344
289	4	294	295	346	345
290	4	295	296	347	346
291	4	296	297	348	347
292	4	297	298	349	348
293	4	298	299	350	349
294	4	299	300	351	350
295	4	300	301	352	351
296	4	301	302	353	352
297	4	302	303	354	353
298	4	303	304	355	354
299	4	304	305	356	355
300	4	305	306	357	356
301	4	307	308	359	358
302	4	308	309	360	359
303	4	309	310	361	360
304	4	310	311	362	361
305	4	311	312	363	362
306	4	312	313	364	363
307	4	313	314	365	364
308	4	314	315	366	365
309	4	315	316	367	366
310	4	316	317	368	367
311	4	317	318	369	368
312	4	318	319	370	369
313	4	319	320	371	370
314	4	320	321	372	371
315	4	321	322	373	372
316	4	322	323	374	373
317	4	323	324	375	374
318	4	324	325	376	375
319	4	325	326	377	376
320	4	326	327	378	377
321	4	327	328	379	378
322	4	328	329	380	379
323	4	329	330	381	380
324	4	330	331	382	381
325	4	331	332	383	382
326	4	332	333	384	383
327	4	333	334	385	384
328	4	334	335	386	385
329	4	335	336	387	386
330	4	336	337	388	387
331	4	337	338	389	388
332	4	338	339	390	389
333	4	339	340	391	390
334	4	340	341	392	391
335	4	341	342	393	392
336	4	342	343	394	393
337	4	343	344	395	394
338	4	344	345	396	395
339	4	345	346	397	396
340	4	346	347	398	397
341	4	347	348	399	398
342	4	348	349	400	399
343	4	349	350	401	400
344	4	350	351	402	401
345	4	351	352	403	402
346	4	352	353	404	403
347	4	353	354	405	404
348	4	354	355	406	405
349	4	355	356	407	406
350	4	356	357	408	407
351	4	358	359	410	409
352	4	359	360	411	410
353	4	360	361	412	411
354	4	361	362	413	412
355	4	362	363	414	413
356	4	363	364	415	414
357	4	364	365	416	415
358	4	365	366	417	416
359	4	366	367	418	417
360	4	367	368	419	418
361	4	368	369	420	419
362	4	369	370	421	420
363	4	370	371	422	421
364	4	371	372	423	422
365	4	372	373	424	423
366	4	373	374	425	424
367	4	374	375	426	425
368	4	375	376	427	426
369	4	376	377	428	427
370	4	377	378	429	428
371	4	378	379	430	429
372	4	379	380	431	430
373	4	380	381	432	431
374	4	381	382	433	432
375	4	382	383	434	433
376	4	383	384	435	434
377	4	384	385	436	435
378	4	385	386	437	436
379	4	386	387	438	437
380	4	387	388	439	438
381	4	388	389	440	439
382	4	389	390	441	440
383	4	390	391	442	441
384	4	391	392	443	442
385	4	392	393	444	443
386	4	393	394	445	444
387	4	394	395	446	445
388	4	395	396	447	446
389	4	396	397	448	447
390	4	397	398	449	448
391	4	398	399	450	449
392	4	399	400	451	450
393	4	400	401	452	451
394	4	401	402	453	452
395	4	402	403	454	453
396	4	403	404	455	454
397	4	404	405	456	455
398	4	405	406	457	456
399	4	406	407	458	457
400	4	407	408	459	458
401	4	409	410	461	460
402	4	410	411	462	461
403	4	411	412	463	462
404	4	412	413	464	463
405	4	413	414	465	464
406	4	414	415	466	465
407	4	415	416	467	466
408	4	416	417	468	467
409	4	417	418	469	468
410	4	418	419	470	469
411	4	419	420	471	470
412	4	420	421	472	471
413	4	421	422	473	472
414	4	422	423	474	473
415	4	423	424	475	474
416	4	424	425	476	475
417	4	425	426	477	476
418	4	426	427	478	477
419	4	427	428	479	478
420	4	428	429	480	479
421	4	429	430	481	480
422	4	430	431	482	481
423	4	431	432	483	482
424	4	432	433	484	483
425	4	433	434	485	484
426	4	434	435	486	485
427	4	435	436	487	486
428	4	436	437	488	487
429	4	437	438	489	488
430	4	438	439	490	489
431	4	439	440	491	490
432	4	440	441	492	491
433	4	441	442	493	492
434	4	442	443	494	493
435	4	443	444	495	494
436	4	444	445	496	495
437	4	445	446	497	496
438	4	446	447	498	497
439	4	447	448	499	498
440	4	448	449	500	499
441	4	449	450	501	500
442	4	450	451	502	501
443	4	451	452	503	502
444	4	452	453	504	503
445	4	453	454	505	504
446	4	454	455	506	505
447	4	455	456	507	506
448	4	456	457	508	507
449	4	457	458	509	508
450	4	458	459	510	509
451	4	460	461	512	511
452	4	461	462	513	512
453	4	462	463	514	513
454	4	463	464	515	514
455	4	464	465	516	515
456	4	465	466	517	516
457	4	466	467	518	517
458	4	467	468	519	518
459	4	468	469	520	519
460	4	469	470	521	520
461	4	470	471	522	521
462	4	471	472	523	522
463	4	472	473	524	523
464	4	473	474	525	524
465	4	474	475	526	525
466	4	475	476	527	526
467	4	476	477	528	527
468	4	477	478	529	528
469	4	478	479	530	529
470	4	479	480	531	530
471	4	480	481	532	531
472	4	481	482	533	532
473	4	482	483	534	533
474	4	483	484	535	534
475	4	484	485	536	535
476	4	485	486	537	536
477	4	486	487	538	537
478	4	487	488	539	538
479	4	488	489	540	539
480	4	489	490	541	540
481	4	490	491	542	541
482	4	491	492	543	542
483	4	492	493	544	543
484	4	493	494	545	544
485	4	494	495	546	545
486	4	495	496	547	546
487	4	496	497	548	547
488	4	497	498	549	548
489	4	498	499	550	549
490	4	499	500	551	550
491	4	500	501	552	551
492	4	501	502	553	552
493	4	502	503	554	553
494	4	503	504	555	554
495	4	504	505	556	555
496	4	505	506	557	556
497	4	506	507	558	557
498	4	507	508	559	558
499	4	508	509	560	559
500	4	509	510	561	560
501	4	511	512	563	562
502	4	512	513	564	563
503	4	513	514	565	564
504	4	514	515	566	565
505	4	515	516	567	566
506	4	516	517	568	567
507	4	517	518	569	568
508	4	518	519	570	569
509	4	519	520	571	570
510	4	520	521	572	571
511	4	521	522	573	572
512	4	522	523	574	573
513	4	523	524	575	574
514	4	524	525	576	575
515	4	525	526	577	576
516	4	526	527	578	577
517	4	527	528	579	578
518	4	528	529	580	579
519	4	529	530	581	580
520	4	530	531	582	581
521	4	531	532	583	582
522	4	532	533	584	583
523	4	533	534	585	584
524	4	534	535	586	585
525	4	535	536	587	586
526	4	536	537	588	587
527	4	537	538	589	588
528	4	538	539	590	589
529	4	539	540	591	590
530	4	540	541	592	591
531	4	541	542	593	592
532	4	542	543	594	593
533	4	543	544	595	594
534	4	544	545	596	595
535	4	545	546	597	596
536	4	546	547	598	597
537	4	547	548	599	598
538	4	548	549	600	599
539	4	549	550	601	600
540	4	550	551	602	601
541	4	551	552	603	602
542	4	552	553	604	603
543	4	553	554	605	604
544	4	554	555	606	605
545	4	555	556	607	606
546	4	556	557	608	607
547	4	557	558	609	608
548	4	558	559	610	609
549	4	559	560	611	610
550	4	560	561	612	611
551	4	562	563	614	613
552	4	563	564	615	614
553	4	564	565	616	615
554	4	565	566	617	616
555	4	566	567	618	617
556	4	567	568	619	618
557	4	568	569	620	619
558	4	569	570	621	620
559	4	570	571	622	621
560	4	571	572	623	622
561	4	572	573	624	623
562	4	573	574	625	624
563	4	574	575	626	625
564	4	575	576	627	626
565	4	576	577	628	627
566	4	577	578	629	628
567	4	578	579	630	629
568	4	579	580	631	630
569	4	580	581	632	631
570	4	581	582	633	632
571	4	582	583	634	633
572	4	583	584	635	634
573	4	584	585	636	635
574	4	585	586	637	636
575	4	586	587	638	637
576	4	587	588	639	638
577	4	588	589	640	639
578	4	589	590	641	640
579	4	590	591	642	641
580	4	591	592	643	642
581	4	592	593	644	643
582	4	593	594	645	644
583	4	594	595	646	645
584	4	595	596	647	646
585	4	596	597	648	647
586	4	597	598	649	648
587	4	598	599	650	649
588	4	599	600	651	650
589	4	600	601	652	651
590	4	601	602	653	652
591	4	602	603	654	653
592	4	603	604	655	654
593	4	604	605	656	655
594	4	605	606	657	656
595	4	606	607	658	657
596	4	607	608	659	658
597	4	608	609	660	659
598	4	609	610	661	660
599	4	610	611	662	661
600	4	611	612	663	662
601	4	613	614	665	664
602	4	614	615	666	665
603	4	615	616	667	666
604	4	616	617	668	667
605	4	617	618	669	668
606	4	618	619	670	669
607	4	619	620	671	670
608	4	620	621	672	671
609	4	621	622	673	672
610	4	622	623	674	673
611	4	623	624	675	674
612	4	624	625	676	675
613	4	625	626	677	676
614	4	626	627	678	677
615	4	627	628	679	678
616	4	628	629	680	679
617	4	629	630	681	680
618	4	630	631	682	681
619	4	631	632	683	682
620	4	632	633	684	683
621	4	633	634	685	684
622	4	634	635	686	685
623	4	635	636	687	686
624	4	636	637	688	687
625	4	637	638	689	688
626	4	638	639	690	689
627	4	639	640	691	690
628	4	640	641	692	691
629	4	641	642	693	692
630	4	642	643	694	693
631	4	643	644	695	694
632	4	644	645	696	695
633	4	645	646	697	696
634	4	646	647	698	697
635	4	647	648	699	698
636	4	648	649	700	699
637	4	649	650	701	700
638	4	650	651	702	701
639	4	651	652	703	702
640	4	652	653	704	703
641	4	653	654	705	704
642	4	654	655	706	705
643	4	655	656	707	706
644	4	656	657	708	707
645	4	657	658	709	708
646	4	658	659	710	709
647	4	659	660	711	710
648	4	660	661	712	711
649	4	661	662	713	712
650	4	662	663	714	713
651	4	664	665	716	715
652	4	665	666	717	716
653	4	666	667	718	717
654	4	667	668	719	718
655	4	668	669	720	719
656	4	669	670	721	720
657	4	670	671	722	721
658	4	671	672	723	722
659	4	672	673	724	723
660	4	673	674	725	724
661	4	674	675	726	725
662	4	675	676	727	726
663	4	676	677	728	727
664	4	677	678	729	728
665	4	678	679	730	729
666	4	679	680	731	730
667	4	680	681	732	731
668	4	681	682	733	732
669	4	682	683	734	733
670	4	683	684	735	734
671	4	684	685	736	735
672	4	685	686	737	736
673	4	686	687	738	737
674	4	687	688	739	738
675	4	688	689	740	739
676	4	689	690	741	740
677	4	690	691	742	741
678	4	691	692	743	742
679	4	692	693	744	743
680	4	693	694	745	744
681	4	694	695	746	745
682	4	695	696	747	746
683	4	696	697	748	747
684	4	697	698	749	748
685	4	698	699	750	749
686	4	699	700	751	750
687	4	700	701	752	751
688	4	701	702	753	752
689	4	702	703	754	753
690	4	703	704	755	754
691	4	704	705	756	755
692	4	705	706	757	756
693	4	706	707	758	757
694	4	707	708	759	758
695	4	708	709	760	759
696	4	709	710	761	760
697	4	710	711	762	761
698	4	711	712	763	762
699	4	712	713	764	763
700	4	713	714	765	764
701	4	715	716	767	766
702	4	716	717	768	767
703	4	717	718	769	768
704	4	718	719	770	769
705	4	719	720	771	770
706	4	720	721	772	771
707	4	721	722	773	772
708	4	722	723	774	773
709	4	723	724	775	774
710	4	724	725	776	775
711	4	725	726	777	776
712	4	726	727	778	777
713	4	727	728	779	778
714	4	728	729	780	779
715	4	729	730	781	780
716	4	730	731	782	781
717	4	731	732	783	782
718	4	732	733	784	783
719	4	733	734	785	784
720	4	734	735	786	785
721	4	735	736	787	786
722	4	736	737	788	787
723	4	737	738	789	788
724	4	738	739	790	789
725	4	739	740	791	790
726	4	740	741	792	791
727	4	741	742	793	792
728	4	742	743	794	793
729	4	743	744	795	794
730	4	744	745	796	795
731	4	745	746	797	796
732	4	746	747	798	797
733	4	747	748	799	798
734	4	748	749	800	799
735	4	749	750	801	800
736	4	750	751	802	801
737	4	751	752	803	802
738	4	752	753	804	803
739	4	753	754	805	804
740	4	754	755	806	805
741	4	755	756	807	806
742	4	756	757	808	807
743	4	757	758	809	808
744	4	758	759	810	809
745	4	759	760	811	810
746	4	760	761	812	811
747	4	761	762	813	812
748	4	762	763	814	813
749	4	763	764	815	814
750	4	764	765	816	815
751	4	766	767	818	817
752	4	767	768	819	818
753	4	768	769	820	819
754	4	769	770	821	820
755	4	770	771	822	821
756	4	771	772	823	822
757	4	772	773	824	823
758	4	773	774	825	824
759	4	774	775	826	825
760	4	775	776	827	826
761	4	776	777	828	827
762	4	777	778	829	828
763	4	778	779	830	829
764	4	779	780	831	830
765	4	780	781	832	831
766	4	781	782	833	832
767	4	782	783	834	833
768	4	783	784	835	834
769	4	784	785	836	835
770	4	785	786	837	836
771	4	786	787	838	837
772	4	787	788	839	838
773	4	788	789	840	839
774	4	789	790	841	840
775	4	790	791	842	841
776	4	791	792	843	842
777	4	792	793	844	843
778	4	793	794	845	844
779	4	794	795	846	845
780	4	795	796	847	846
781	4	796	797	848	847
782	4	797	798	849	848
783	4	798	799	850	849
784	4	799	800	851	850
785	4	800	801	852	851
786	4	801	802	853	852
787	4	802	803	854	853
788	4	803	804	855	854
789	4	804	805	856	855
790	4	805	806	857	856
791	4	806	807	858	857
792	4	807	808	859	858
793	4	808	809	860	859
794	4	809	810	861	860
795	4	810	811	862	861
796	4	811	812	863	862
797	4	812	813	864	863
798	4	813	814	865	864
799	4	814	815	866	865
800	4	815	816	867	866
801	4	817	818	869	868
802	4	818	819	870	869
803	4	819	820	871	870
804	4	820	821	872	871
805	4	821	822	873	872
806	4	822	823	874	873
807	4	823	824	875	874
808	4	824	825	876	875
809	4	825	826	877	876
810	4	826	827	878	877
811	4	827	828	879	878
812	4	828	829	880	879
813	4	829	830	881	880
814	4	830	831	882	881
815	4	831	832	883	882
816	4	832	833	884	883
817	4	833	834	885	884
818	4	834	835	886	885
819	4	835	836	887	886
820	4	836	837	888	887
821	4	837	838	889	888
822	4	838	839	890	889
823	4	839	840	891	890
824	4	840	841	892	891
825	4	841	842	893	892
826	4	842	843	894	893
827	4	843	844	895	894
828	4	844	845	896	895
829	4	845	846	897	896
830	4	846	847	898	897
831	4	847	848	899	898
832	4	848	849	900	899
833	4	849	850	901	900
834	4	850	851	902	901
835	4	851	852	903	902
836	4	852	853	904	903
837	4	853	854	905	904
838	4	854	855	906	905
839	4	855	856	907	906
840	4	856	857	908	907
841	4	857	858	909	908
842	4	858	859	910	909
843	4	859	860	911	910
844	4	860	861	912	911
845	4	861	862	913	912
846	4	862	863	914	913
847	4	863	864	915	914
848	4	864	865	916	915
849	4	865	866	917	916
850	4	866	867	918	917
851	4	868	869	920	919
852	4	869	870	921	920
853	4	870	871	922	921
854	4	871	872	923	922
855	4	872	873	924	923
856	4	873	874	925	924
857	4	874	875	926	925
858	4	875	876	927	926
859	4	876	877	928	927
860	4	877	878	929	928
861	4	878	879	930	929
862	4	879	880	931	930
863	4	880	881	932	931
864	4	881	882	933	932
865	4	882	883	934	933
866	4	883	884	935	934
867	4	884	885	936	935
868	4	885	886	937	936
869	4	886	887	938	937
870	4	887	888	939	938
871	4	888	889	940	939
872	4	889	890	941	940
873	4	890	891	942	941
874	4	891	892	943	942
875	4	892	893	944	943
876	4	893	894	945	944
877	4	894	895	946	945
878	4	895	896	947	946
879	4	896	897	948	947
880	4	897	898	949	948
881	4	898	899	950	949
882	4	899	900	951	950
883	4	900	901	952	951
884	4	901	902	953	952
885	4	902	903	954	953
886	4	903	904	955	954
887	4	904	905	956	955
888	4	905	906	957	956
889	4	906	907	958	957
890	4	907	908	959	958
891	4	908	909	960	959
892	4	909	910	961	960
893	4	910	911	962	961
894	4	911	912	963	962
895	4	912	913	964	963
896	4	913	914	965	964
897	4	914	915	966	965
898	4	915	916	967	966
899	4	916	917	968	967
900	4	917	918	969	968
901	4	919	920	971	970
902	4	920	921	972	971
903	4	921	922	973	972
904	4	922	923	974	973
905	4	923	924	975	974
906	4	924	925	976	975
907	4	925	926	977	976
908	4	926	927	978	977
909	4	927	928	979	978
910	4	928	929	980	979
911	4	929	930	981	980
912	4	930	931	982	981
913	4	931	932	983	982
914	4	932	933	984	983
915	4	933	934	985	984
916	4	934	935	986	985
917	4	935	936	987	986
918	4	936	937	988	987
919	4	937	938	989	988
920	4	938	939	990	989
921	4	939	940	991	990
922	4	940	941	992	991
923	4	941	942	993	992
924	4	942	943	994	993
925	4	943	944	995	994
926	4	944	945	996	995
927	4	945	946	997	996
928	4	946	947	998	997
929	4	947	948	999	998
930	4	948	949	1000	999
931	4	949	950	1001	1000
932	4	950	951	1002	1001
933	4	951	952	1003	1002
934	4	952	953	1004	1003
935	4	953	954	1005	1004
936	4	954	955	1006	1005
937	4	955	956	1007	1006
938	4	956	957	1008	1007
939	4	957	958	1009	1008
940	4	958	959	1010	1009
941	4	959	960	1011	1010
942	4	960	961	1012	1011
943	4	961	962	1013	1012
944	4	962	963	1014	1013
945	4	963	964	1015	1014
946	4	964	965	1016	1015
947	4	965	966	1017	1016
948	4	966	967	1018	1017
949	4	967	968	1019	1018
950	4	968	969	1020	1019
951	4	970	971	1022	1021
952	4	971	972	1023	1022
953	4	972	973	1024	1023
954	4	973	974	1025	1024
955	4	974	975	1026	1025
956	4	975	976	1027	1026
957	4	976	977	1028	1027
958	4	977	978	1029	1028
959	4	978	979	1030	1029
960	4	979	980	1031	1030
961	4	980	981	1032	1031
962	4	981	982	1033	1032
963	4	982	983	1034	1033
964	4	983	984	1035	1034
965	4	984	985	1036	1035
966	4	985	986	1037	1036
967	4	986	987	1038	1037
968	4	987	988	1039	1038
969	4	988	989	1040	1039
970	4	989	990	1041	1040
971	4	990	991	1042	1041
972	4	991	992	1043	1042
973	4	992	993	1044	1043
974	4	993	994	1045	1044
975	4	994	995	1046	1045
976	4	995	996	1047	1046
977	4	996	997	1048	1047
978	4	997	998	1049	1048
979	4	998	999	1050	1049
980	4	999	1000	1051	1050
981	4	1000	1001	1052	1051
982	4	1001	1002	1053	1052
983	4	1002	1003	1054	1053
984	4	1003	1004	1055	1054
985	4	1004	1005	1056	1055
986	4	1005	1006	1057	1056
987	4	1006	1007	1058	1057
988	4	1007	1008	1059	1058
989	4	1008	1009	1060	1059
990	4	1009	1010	1061	1060
991	4	1010	1011	1062	1061
992	4	1011	1012	1063	1062
993	4	1012	1013	1064	1063
994	4	1013	1014	1065	1064
995	4	1014	1015	1066	1065
996	4	1015	1016	1067	1066
997	4	1016	1017	1068	1067
998	4	1017	1018	1069	1068
999	4	1018	1019	1070	1069
1000	4	1019	1020	1071	1070
1001	4	1021	1022	1073	1072
1002	4	1022	1023	1074	1073
1003	4	1023	1024	1075	1074
1004	4	1024	1025	1076	1075
1005	4	1025	1026	1077	1076
1006	4	1026	1027	1078	1077
1007	4	1027	1028	1079	1078
1008	4	1028	1029	1080	1079
1009	4	1029	1030	1081	1080
1010	4	1030	1031	1082	1081
1011	4	1031	1032	1083	1082
1012	4	1032	1033	1084	1083
1013	4	1033	1034	1085	1084
1014	4	1034	1035	1086	1085
1015	4	1035	1036	1087	1086
1016	4	1036	1037	1088	1087
1017	4	1037	1038	1089	1088
1018	4	1038	1039	1090	1089
1019	4	1039	1040	1091	1090
1020	4	1040	1041	1092	1091
1021	4	1041	1042	1093	1092
1022	4	1042	1043	1094	1093
1023	4	1043	1044	1095	1094
1024	4	1044	1045	1096	1095
1025	4	1045	1046	1097	1096
1026	4	1046	1047	1098	1097
1027	4	1047	1048	1099	1098
1028	4	1048	1049	1100	1099
1029	4	1049	1050	1101	1100
1030	4	1050	1051	1102	1101
1031	4	1051	1052	1103	1102
1032	4	1052	1053	1104	1103
1033	4	1053	1054	1105	1104
1034	4	1054	1055	1106	1105
1035	4	1055	1056	1107	1106
1036	4	1056	1057	1108	1107
1037	4	1057	1058	1109	1108
1038	4	1058	1059	1110	1109
1039	4	1059	1060	1111	1110
1040	4	1060	1061	1112	1111
1041	4	1061	1062	1113	1112
1042	4	1062	1063	1114	1113
1043	4	1063	1064	1115	1114
1044	4	1064	1065	1116	1115
1045	4	1065	1066	1117	1116
1046	4	1066	1067	1118	1117
1047	4	1067	1068	1119	1118
1048	4	1068	1069	1120	1119
1049	4	1069	1070	1121	1120
1050	4	1070	1071	1122	1121
1051	4	1072	1073	1124	1123
1052	4	1073	1074	1125	1124
1053	4	1074	1075	1126	1125
1054	4	1075	1076	1127	1126
1055	4	1076	1077	1128	1127
1056	4	1077	1078	1129	1128
1057	4	1078	1079	1130	1129
1058	4	1079	1080	1131	1130
1059	4	1080	1081	1132	1131
1060	4	1081	1082	1133	1132
1061	4	1082	1083	1134	1133
1062	4	1083	1084	1135	1134
1063	4	1084	1085	1136	1135
1064	4	1085	1086	1137	1136
1065	4	1086	1087	1138	1137
1066	4	1087	1088	1139	1138
1067	4	1088	1089	1140	1139
1068	4	1089	1090	1141	1140
1069	4	1090	1091	1142	1141
1070	4	1091	1092	1143	1142
1071	4	1092	1093	1144	1143
1072	4	1093	1094	1145	1144
1073	4	1094	1095	1146	1145
1074	4	1095	1096	1147	1146
1075	4	1096	1097	1148	1147
1076	4	1097	1098	1149	1148
1077	4	1098	1099	1150	1149
1078	4	1099	1100	1151	1150
1079	4	1100	1101	1152	1151
1080	4	1101	1102	1153	1152
1081	4	1102	1103	1154	1153
1082	4	1103	1104	1155	1154
1083	4	1104	1105	1156	1155
1084	4	1105	1106	1157	1156
1085	4	1106	1107	1158	1157
1086	4	1107	1108	1159	1158
1087	4	1108	1109	1160	1159
1088	4	1109	1110	1161	1160
1089	4	1110	1111	1162	1161
1090	4	1111	1112	1163	1162
1091	4	1112	1113	1164	1163
1092	4	1113	1114	1165	1164
1093	4	1114	1115	1166	1165
1094	4	1115	1116	1167	1166
1095	4	1116	1117	1168	1167
1096	4	1117	1118	1169	1168
1097	4	1118	1119	1170	1169
1098	4	1119	1120	1171	1170
1099	4	1120	1121	1172	1171
1100	4	1121	1122	1173	1172
1101	4	1123	1124	1175	1174
1102	4	1124	1125	1176	1175
1103	4	1125	1126	1177	1176
1104	4	1126	1127	1178	1177
1105	4	1127	1128	1179	1178
1106	4	1128	1129	1180	1179
1107	4	1129	1130	1181	1180
1108	4	1130	1131	1182	1181
1109	4	1131	1132	1183	1182
1110	4	1132	1133	1184	1183
1111	4	1133	1134	1185	1184
1112	4	1134	1135	1186	1185
1113	4	1135	1136	1187	1186
1114	4	1136	1137	1188	1187
1115	4	1137	1138	1189	1188
1116	4	1138	1139	1190	1189
1117	4	1139	1140	1191	1190
1118	4	1140	1141	1192	1191
1119	4	1141	1142	1193	1192
1120	4	1142	1143	1194	1193
1121	4	1143	1144	1195	1194
1122	4	1144	1145	1196	1195
1123	4	1145	1146	1197	1196
1124	4	1146	1147	1198	1197
1125	4	1147	1148	1199	1198
1126	4	1148	1149	1200	1199
1127	4	1149	1150	1201	1200
1128	4	1150	1151	1202	1201
1129	4	1151	1152	1203	1202
1130	4	1152	1153	1204	1203
1131	4	1153	1154	1205	1204
1132	4	1154	1155	1206	1205
1133	4	1155	1156	1207	1206
1134	4	1156	1157	1208	1207
1135	4	1157	1158	1209	1208
1136	4	1158	1159	1210	1209
1137	4	1159	1160	1211	1210
1138	4	1160	1161	1212	1211
1139	4	1161	1162	1213	1212
1140	4	1162	1163	1214	1213
1141	4	1163	1164	1215	1214
1142	4	1164	1165	1216	1215
1143	4	1165	1166	1217	1216
1144	4	1166	1167	1218	1217
1145	4	1167	1168	1219	1218
1146	4	1168	1169	1220	1219
1147	4	1169	1170	1221	1220
1148	4	1170	1171	1222	1221
1149	4	1171	1172	1223	1222
1150	4	1172	1173	1224	1223
1151	4	1174	1175	1226	1225
1152	4	1175	1176	1227	1226
1153	4	1176	1177	1228	1227
1154	4	1177	1178	1229	1228
1155	4	1178	1179	1230	1229
1156	4	1179	1180	1231	1230
1157	4	1180	1181	1232	1231
1158	4	1181	1182	1233	1232
1159	4	1182	1183	1234	1233
1160	4	1183	1184	1235	1234
1161	4	1184	1185	1236	1235
1162	4	1185	1186	1237	1236
1163	4	1186	1187	1238	1237
1164	4	1187	1188	1239	1238
1165	4	1188	1189	1240	1239
1166	4	1189	1190	1241	1240
1167	4	1190	1191	1242	1241
1168	4	1191	1192	1243	1242
1169	4	1192	1193	1244	1243
1170	4	1193	1194	1245	1244
1171	4	1194	1195	1246	1245
1172	4	1195	1196	1247	1246
1173	4	1196	1197	1248	1247
1174	4	1197	1198	1249	1248
1175	4	1198	1199	1250	1249
1176	4	1199	1200	1251	1250
1177	4	1200	1201	1252	1251
1178	4	1201	1202	1253	1252
1179	4	1202	1203	1254	1253
1180	4	1203	1204	1255	1254
1181	4	1204	1205	1256	1255
1182	4	1205	1206	1257	1256
1183	4	1206	1207	1258	1257
1184	4	1207	1208	1259	1258
1185	4	1208	1209	1260	1259
1186	4	1209	1210	1261	1260
1187	4	1210	1211	1262	1261
1188	4	1211	1212	1263	1262
1189	4	1212	1213	1264	1263
1190	4	1213	1214	1265	1264
1191	4	1214	1215	1266	1265
1192	4	1215	1216	1267	1266
1193	4	1216	1217	1268	1267
1194	4	1217	1218	1269	1268
1195	4	1218	1219	1270	1269
1196	4	1219	1220	1271	1270
1197	4	1220	1221	1272	1271
1198	4	1221	1222	1273	1272
1199	4	1222	1223	1274	1273
1200	4	1223	1224	1275	1274
1201	4	1225	1226	1277	1276
1202	4	1226	1227	1278	1277
1203	4	1227	1228	1279	1278
1204	4	1228	1229	1280	1279
1205	4	1229	1230	1281	1280
1206	4	1230	1231	1282	1281
1207	4	1231	1232	1283	1282
1208	4	1232	1233	1284	1283
1209	4	1233	1234	1285	1284
1210	4	1234	1235	1286	1285
1211	4	1235	1236	1287	1286
1212	4	1236	1237	1288	1287
1213	4	1237	1238	1289	1288
1214	4	1238	1239	1290	1289
1215	4	1239	1240	1291	1290
1216	4	1240	1241	1292	1291
1217	4	1241	1242	1293	1292
1218	4	1242	1243	1294	1293
1219	4	1243	1244	1295	1294
1220	4	1244	1245	1296	1295
1221	4	1245	1246	1297	1296
1222	4	1246	1247	1298	1297
1223	4	1247	1248	1299	1298
1224	4	1248	1249	1300	1299
1225	4	1249	1250	1301	1300
1226	4	1250	1251	1302	1301
1227	4	1251	1252	1303	1302
1228	4	1252	1253	1304	1303
1229	4	1253	1254	1305	1304
1230	4	1254	1255	1306	1305
1231	4	1255	1256	1307	1306
1232	4	1256	1257	1308	1307
1233	4	1257	1258	1309	1308
1234	4	1258	1259	1310	1309
1235	4	1259	1260	1311	1310
1236	4	1260	1261	1312	1311
1237	4	1261	1262	1313	1312
1238	4	1262	1263	1314	1313
1239	4	1263	1264	1315	1314
1240	4	1264	1265	1316	1315
1241	4	1265	1266	1317	1316
1242	4	1266	1267	1318	1317
1243	4	1267	1268	1319	1318
1244	4	1268	1269	1320	1319
1245	4	1269	1270	1321	1320
1246	4	1270	1271	1322	1321
1247	4	1271	1272	1323	1322
1248	4	1272	1273	1324	1323
1249	4	1273	1274	1325	1324
1250	4	1274	1275	1326	1325
1251	4	1276	1277	1328	1327
1252	4	1277	1278	1329	1328
1253	4	1278	1279	1330	1329
1254	4	1279	1280	1331	1330
1255	4	1280	1281	1332	1331
1256	4	1281	1282	1333	1332
1257	4	1282	1283	1334	1333
1258	4	1283	1284	1335	1334
1259	4	1284	1285	1336	1335
1260	4	1285	1286	1337	1336
1261	4	1286	1287	1338	1337
1262	4	1287	1288	1339	1338
1263	4	1288	1289	1340	1339
1264	4	1289	1290	1341	1340
1265	4	1290	1291	1342	1341
1266	4	1291	1292	1343	1342
1267	4	1292	1293	1344	1343
1268	4	1293	1294	1345	1344
1269	4	1294	1295	1346	1345
1270	4	1295	1296	1347	1346
1271	4	1296	1297	1348	1347
1272	4	1297	1298	1349	1348
1273	4	1298	1299	1350	1349
1274	4	1299	1300	1351	1350
1275	4	1300	1301	1352	1351
1276	4	1301	1302	1353	1352
1277	4	1302	1303	1354	1353
1278	4	1303	1304	1355	1354
1279	4	1304	1305	1356	1355
1280	4	1305	1306	1357	1356
1281	4	1306	1307	1358	1357
1282	4	1307	1308	1359	1358
1283	4	1308	1309	1360	1359
1284	4	1309	1310	1361	1360
1285	4	1310	1311	1362	1361
1286	4	1311	1312	1363	1362
1287	4	1312	1313	1364	1363
1288	4	1313	1314	1365	1364
1289	4	1314	1315	1366	1365
1290	4	1315	1316	1367	1366
1291	4	1316	1317	1368	1367
1292	4	1317	1318	1369	1368
1293	4	1318	1319	1370	1369
1294	4	1319	1320	1371	1370
1295	4	1320	1321	1372	1371
1296	4	1321	1322	1373	1372
1297	4	1322	1323	1374	1373
1298	4	1323	1324	1375	1374
1299	4	1324	1325	1376	1375
1300	4	1325	1326	1377	1376
1301	4	1327	1328	1379	1378
1302	4	1328	1329	1380	1379
1303	4	1329	1330	1381	1380
1304	4	1330	1331	1382	1381
1305	4	1331	1332	1383	1382
1306	4	1332	1333	1384	1383
1307	4	1333	1334	1385	1384
1308	4	1334	1335	1386	1385
1309	4	1335	1336	1387	1386
1310	4	1336	1337	1388	1387
1311	4	1337	1338	1389	1388
1312	4	1338	1339	1390	1389
1313	4	1339	1340	1391	1390
1314	4	1340	1341	1392	1391
1315	4	1341	1342	1393	1392
1316	4	1342	1343	1394	1393
1317	4	1343	1344	1395	1394
1318	4	1344	1345	1396	1395
1319	4	1345	1346	1397	1396
1320	4	1346	1347	1398	1397
1321	4	1347	1348	1399	1398
1322	4	1348	1349	1400	1399
1323	4	1349	1350	1401	1400
1324	4	1350	1351	1402	1401
1325	4	1351	1352	1403	1402
1326	4	1352	1353	1404	1403
1327	4	1353	1354	1405	1404
1328	4	1354	1355	1406	1405
1329	4	1355	1356	1407	1406
1330	4	1356	1357	1408	1407
1331	4	1357	1358	1409	1408
1332	4	1358	1359	1410	1409
1333	4	1359	1360	1411	1410
1334	4	1360	1361	1412	1411
1335	4	1361	1362	1413	1412
1336	4	1362	1363	1414	1413
1337	4	1363	1364	1415	1414
1338	4	1364	1365	1416	1415
1339	4	1365	1366	1417	1416
1340	4	1366	1367	1418	1417
1341	4	1367	1368	1419	1418
1342	4	1368	1369	1420	1419
1343	4	1369	1370	1421	1420
1344	4	1370	1371	1422	1421
1345	4	1371	1372	1423	1422
1346	4	1372	1373	1424	1423
1347	4	1373	1374	1425	1424
1348	4	1374	1375	1426	1425
1349	4	1375	1376	1427	1426
1350	4	1376	1377	1428	1427
1351	4	1378	1379	1430	1429
1352	4	1379	1380	1431	1430
1353	4	1380	1381	1432	1431
1354	4	1381	1382	1433	1432
1355	4	1382	1383	1434	1433
1356	4	1383	1384	1435	1434
1357	4	1384	1385	1436	1435
1358	4	1385	1386	1437	1436
1359	4	1386	1387	1438	1437
1360	4	1387	1388	1439	1438
1361	4	1388	1389	1440	1439
1362	4	1389	1390	1441	1440
1363	4	1390	1391	1442	1441
1364	4	1391	1392	1443	1442
1365	4	1392	1393	1444	1443
1366	4	1393	1394	1445	1444
1367	4	1394	1395	1446	1445
1368	4	1395	1396	1447	1446
1369	4	1396	1397	1448	1447
1370	4	1397	1398	1449	1448
1371	4	1398	1399	1450	1449
1372	4	1399	1400	1451	1450
1373	4	1400	1401	1452	1451
1374	4	1401	1402	1453	1452
1375	4	1402	1403	1454	1453
1376	4	1403	1404	1455	1454
1377	4	1404	1405	1456	1455
1378	4	1405	1406	1457	1456
1379	4	1406	1407	1458	1457
1380	4	1407	1408	1459	1458
1381	4	1408	1409	1460	1459
1382	4	1409	1410	1461	1460
1383	4	1410	1411	1462	1461
1384	4	1411	1412	1463	1462
1385	4	1412	1413	1464	1463
1386	4	1413	1414	1465	1464
1387	4	1414	1415	1466	1465
1388	4	1415	1416	1467	1466
1389	4	1416	1417	1468	1467
1390	4	1417	1418	1469	1468
1391	4	1418	1419	1470	1469
1392	4	1419	1420	1471	1470
1393	4	1420	1421	1472	1471
1394	4	1421	1422	1473	1472
1395	4	1422	1423	1474	1473
1396	4	1423	1424	1475	1474
1397	4	1424	1425	1476	1475
1398	4	1425	1426	1477	1476
1399	4	1426	1427	1478	1477
1400	4	1427	1428	1479	1478
1401	4	1429	1430	1481	1480
1402	4	1430	1431	1482	1481
1403	4	1431	1432	1483	1482
1404	4	1432	1433	1484	1483
1405	4	1433	1434	1485	1484
1406	4	1434	1435	1486	1485
1407	4	1435	1436	1487	1486
1408	4	1436	1437	1488	1487
1409	4	1437	1438	1489	1488
1410	4	1438	1439	1490	1489
1411	4	1439	1440	1491	1490
1412	4	1440	1441	1492	1491
1413	4	1441	1442	1493	1492
1414	4	1442	1443	1494	1493
1415	4	1443	1444	1495	1494
1416	4	1444	1445	1496	1495
1417	4	1445	1446	1497	1496
1418	4	1446	1447	1498	1497
1419	4	1447	1448	1499	1498
1420	4	1448	1449	1500	1499
1421	4	1449	1450	1501	1500
1422	4	1450	1451	1502	1501
1423	4	1451	1452	1503	1502
1424	4	1452	1453	1504	1503
1425	4	1453	1454	1505	1504
1426	4	1454	1455	1506	1505
1427	4	1455	1456	1507	1506
1428	4	1456	1457	1508	1507
1429	4	1457	1458	1509	1508
1430	4	1458	1459	1510	1509
1431	4	1459	1460	1511	1510
1432	4	1460	1461	1512	1511
1433	4	1461	1462	1513	1512
1434	4	1462	1463	1514	1513
1435	4	1463	1464	1515	1514
1436	4	1464	1465	1516	1515
1437	4	1465	1466	1517	1516
1438	4	1466	1467	1518	1517
1439	4	1467	1468	1519	1518
1440	4	1468	1469	1520	1519
1441	4	1469	1470	1521	1520
1442	4	1470	1471	1522	1521
1443	4	1471	1472	1523	1522
1444	4	1472	1473	1524	1523
1445	4	1473	1474	1525	1524
1446	4	1474	1475	1526	1525
1447	4	1475	1476	1527	1526
1448	4	1476	1477	1528	1527
1449	4	1477	1478	1529	1528
1450	4	1478	1479	1530	1529
1451	4	1480	1481	1532	1531
1452	4	1481	1482	1533	1532
1453	4	1482	1483	1534	1533
1454	4	1483	1484	1535	1534
1455	4	1484	1485	1536	1535
1456	4	1485	1486	1537	1536
1457	4	1486	1487	1538	1537
1458	4	1487	1488	1539	1538
1459	4	1488	1489	1540	1539
1460	4	1489	1490	1541	1540
1461	4	1490	1491	1542	1541
1462	4	1491	1492	1543	1542
1463	4	1492	1493	1544	1543
1464	4	1493	1494	1545	1544
1465	4	1494	1495	1546	1545
1466	4	1495	1496	1547	1546
1467	4	1496	1497	1548	1547
1468	4	1497	1498	1549	1548
1469	4	1498	1499	1550	1549
1470	4	1499	1500	1551	1550
1471	4	1500	1501	1552	1551
1472	4	1501	1502	1553	1552
1473	4	1502	1503	1554	1553
1474	4	1503	1504	1555	1554
1475	4	1504	1505	1556	1555
1476	4	1505	1506	1557	1556
1477	4	1506	1507	1558	1557
1478	4	1507	1508	1559	1558
1479	4	1508	1509	1560	1559
1480	4	1509	1510	1561	1560
1481	4	1510	1511	1562	1561
1482	4	1511	1512	1563	1562
1483	4	1512	1513	1564	1563
1484	4	1513	1514	1565	1564
1485	4	1514	1515	1566	1565
1486	4	1515	1516	1567	1566
1487	4	1516	1517	1568	1567
1488	4	1517	1518	1569	1568
1489	4	1518	1519	1570	1569
1490	4	1519	1520	1571	1570
1491	4	1520	1521	1572	1571
1492	4	1521	1522	1573	1572
1493	4	1522	1523	1574	1573
1494	4	1523	1524	1575	1574
1495	4	1524	1525	1576	1575
1496	4	1525	1526	1577	1576
1497	4	1526	1527	1578	1577
1498	4	1527	1528	1579	1578
1499	4	1528	1529	1580	1579
1500	4	1529	1530	1581	1580
1501	4	1531	1532	1583	1582
1502	4	1532	1533	1584	1583
1503	4	1533	1534	1585	1584
1504	4	1534	1535	1586	1585
1505	4	1535	1536	1587	1586
1506	4	1536	1537	1588	1587
1507	4	1537	1538	1589	1588
1508	4	1538	1539	1590	1589
1509	4	1539	1540	1591	1590
1510	4	1540	1541	1592	1591
1511	4	1541	1542	1593	1592
1512	4	1542	1543	1594	1593
1513	4	1543	1544	1595	1594
1514	4	1544	1545	1596	1595
1515	4	1545	1546	1597	1596
1516	4	1546	1547	1598	1597
1517	4	1547	1548	1599	1598
1518	4	1548	1549	1600	1599
1519	4	1549	1550	1601	1600
1520	4	1550	1551	1602	1601
1521	4	1551	1552	1603	1602
1522	4	1552	1553	1604	1603
1523	4	1553	1554	1605	1604
1524	4	1554	1555	1606	1605
1525	4	1555	1556	1607	1606
1526	4	1556	1557	1608	1607
1527	4	1557	1558	1609	1608
1528	4	1558	1559	1610	1609
1529	4	1559	1560	1611	1610
1530	4	1560	1561	1612	1611
1531	4	1561	1562	1613	1612
1532	4	1562	1563	1614	1613
1533	4	1563	1564	1615	1614
1534	4	1564	1565	1616	1615
1535	4	1565	1566	1617	1616
1536	4	1566	1567	1618	1617
1537	4	1567	1568	1619	1618
1538	4	1568	1569	1620	1619
1539	4	1569	1570	1621	1620
1540	4	1570	1571	1622	1621
1541	4	1571	1572	1623	1622
1542	4	1572	1573	1624	1623
1543	4	1573	1574	1625	1624
1544	4	1574	1575	1626	1625
1545	4	1575	1576	1627	1626
1546	4	1576	1577	1628	1627
1547	4	1577	1578	1629	1628
1548	4	1578	1579	1630	1629
1549	4	1579	1580	1631	1630
1550	4	1580	1581	1632	1631
1551	4	1582	1583	1634	1633
1552	4	1583	1584	1635	1634
1553	4	1584	1585	1636	1635
1554	4	1585	1586	1637	1636
1555	4	1586	1587	1638	1637
1556	4	1587	1588	1639	1638
1557	4	1588	1589	1640	1639
1558	4	1589	1590	1641	1640
1559	4	1590	1591	1642	1641
1560	4	1591	1592	1643	1642
1561	4	1592	1593	1644	1643
1562	4	1593	1594	1645	1644
1563	4	1594	1595	1646	1645
1564	4	1595	1596	1647	1646
1565	4	1596	1597	1648	1647
1566	4	1597	1598	1649	1648
1567	4	1598	1599	1650	1649
1568	4	1599	1600	1651	1650
1569	4	1600	1601	1652	1651
1570	4	1601	1602	1653	1652
1571	4	1602	1603	1654	1653
1572	4	1603	1604	1655	1654
1573	4	1604	1605	1656	1655
1574	4	1605	1606	1657	1656
1575	4	1606	1607	1658	1657
1576	4	1607	1608	1659	1658
1577	4	1608	1609	1660	1659
1578	4	1609	1610	1661	1660
1579	4	1610	1611	1662	1661
1580	4	1611	1612	1663	1662
1581	4	1612	1613	1664	1663
1582	4	1613	1614	1665	1664
1583	4	1614	1615	1666	1665
1584	4	1615	1616	1667	1666
1585	4	1616	1617	1668	1667
1586	4	1617	1618	1669	1668
1587	4	1618	1619	1670	1669
1588	4	1619	1620	1671	1670
1589	4	1620	1621	1672	1671
1590	4	1621	1622	1673	1672
1591	4	1622	1623	1674	1673
1592	4	1623	1624	1675	1674
1593	4	1624	1625	1676	1675
1594	4	1625	1626	1677	1676
1595	4	1626	1627	1678	1677
1596	4	1627	1628	1679	1678
1597	4	1628	1629	1680	1679
1598	4	1629	1630	1681	1680
1599	4	1630	1631	1682	1681
1600	4	1631	1632	1683	1682
1601	4	1633	1634	1685	1684
1602	4	1634	1635	1686	1685
1603	4	1635	1636	1687	1686
1604	4	1636	1637	1688	1687
1605	4	1637	1638	1689	1688
1606	4	1638	1639	1690	1689
1607	4	1639	1640	1691	1690
1608	4	1640	1641	1692	1691
1609	4	1641	1642	1693	1692
1610	4	1642	1643	1694	1693
1611	4	1643	1644	1695	1694
1612	4	1644	1645	1696	1695
1613	4	1645	1646	1697	1696
1614	4	1646	1647	1698	1697
1615	4	1647	1648	1699	1698
1616	4	1648	1649	1700	1699
1617	4	1649	1650	1701	1700
1618	4	1650	1651	1702	1701
1619	4	1651	1652	1703	1702
1620	4	1652	1653	1704	1703
1621	4	1653	1654	1705	1704
1622	4	1654	1655	1706	1705
1623	4	1655	1656	1707	1706
1624	4	1656	1657	1708	1707
1625	4	1657	1658	1709	1708
1626	4	1658	1659	1710	1709
1627	4	1659	1660	1711	1710
1628	4	1660	1661	1712	1711
1629	4	1661	1662	1713	1712
1630	4	1662	1663	1714	1713
1631	4	1663	1664	1715	1714
1632	4	1664	1665	1716	1715
1633	4	1665	1666	1717	1716
1634	4	1666	1667	1718	1717
1635	4	1667	1668	1719	1718
1636	4	1668	1669	1720	1719
1637	4	1669	1670	1721	1720
1638	4	1670	1671	1722	1721
1639	4	1671	1672	1723	1722
1640	4	1672	1673	1724	1723
1641	4	1673	1674	1725	1724
1642	4	1674	1675	1726	1725
1643	4	1675	1676	1727	1726
1644	4	1676	1677	1728	1727
1645	4	1677	1678	1729	1728
1646	4	1678	1679	1730	1729
1647	4	1679	1680	1731	1730
1648	4	1680	1681	1732	1731
1649	4	1681	1682	1733	1732
1650	4	1682	1683	1734	1733
1651	4	1684	1685	1736	1735
1652	4	1685	1686	1737	1736
1653	4	1686	1687	1738	1737
1654	4	1687	1688	1739	1738
1655	4	1688	1689	1740	1739
1656	4	1689	1690	1741	1740
1657	4	1690	1691	1742	1741
1658	4	1691	1692	1743	1742
1659	4	1692	1693	1744	1743
1660	4	1693	1694	1745	1744
1661	4	1694	1695	1746	1745
1662	4	1695	1696	1747	1746
1663	4	1696	1697	1748	1747
1664	4	1697	1698	1749	1748
1665	4	1698	1699	1750	1749
1666	4	1699	1700	1751	1750
1667	4	1700	1701	1752	1751
1668	4	1701	1702	1753	1752
1669	4	1702	1703	1754	1753
1670	4	1703	1704	1755	1754
1671	4	1704	1705	1756	1755
1672	4	1705	1706	1757	1756
1673	4	1706	1707	1758	1757
1674	4	1707	1708	1759	1758
1675	4	1708	1709	1760	1759
1676	4	1709	1710	1761	1760
1677	4	1710	1711	1762	1761
1678	4	1711	1712	1763	1762
1679	4	1712	1713	1764	1763
1680	4	1713	1714	1765	1764
1681	4	1714	1715	1766	1765
1682	4	1715	1716	1767	1766
1683	4	1716	1717	1768	1767
1684	4	1717	1718	1769	1768
1685	4	1718	1719	1770	1769
1686	4	1719	1720	1771	1770
1687	4	1720	1721	1772	1771
1688	4	1721	1722	1773	1772
1689	4	1722	1723	1774	1773
1690	4	1723	1724	1775	1774
1691	4	1724	1725	1776	1775
1692	4	1725	1726	1777	1776
1693	4	1726	1727	1778	1777
1694	4	1727	1728	1779	1778
1695	4	1728	1729	1780	1779
1696	4	1729	1730	1781	1780
1697	4	1730	1731	1782	1781
1698	4	1731	1732	1783	1782
1699	4	1732	1733	1784	1783
1700	4	1733	1734	1785	1784
1701	4	1735	1736	1787	1786
1702	4	1736	1737	1788	1787
1703	4	1737	1738	1789	1788
1704	4	1738	1739	1790	1789
1705	4	1739	1740	1791	1790
1706	4	1740	1741	1792	1791
1707	4	1741	1742	1793	1792
1708	4	1742	1743	1794	1793
1709	4	1743	1744	1795	1794
1710	4	1744	1745	1796	1795
1711	4	1745	1746	1797	1796
1712	4	1746	1747	1798	1797
1713	4	1747	1748	1799	1798
1714	4	1748	1749	1800	1799
1715	4	1749	1750	1801	1800
1716	4	1750	1751	1802	1801
1717	4	1751	1752	1803	1802
1718	4	1752	1753	1804	1803
1719	4	1753	1754	1805	1804
1720	4	1754	1755	1806	1805
1721	4	1755	1756	1807	1806
1722	4	1756	1757	1808	1807
1723	4	1757	1758	1809	1808
1724	4	1758	1759	1810	1809
1725	4	1759	1760	1811	1810
1726	4	1760	1761	1812	1811
1727	4	1761	1762	1813	1812
1728	4	1762	1763	1814	1813
1729	4	1763	1764	1815	1814
1730	4	1764	1765	1816	1815
1731	4	1765	1766	1817	1816
1732	4	1766	1767	1818	1817
1733	4	1767	1768	1819	1818
1734	4	1768	1769	1820	1819
1735	4	1769	1770	1821	1820
1736	4	1770	1771	1822	1821
1737	4	1771	1772	1823	1822
1738	4	1772	1773	1824	1823
1739	4	1773	1774	1825	1824
1740	4	1774	1775	1826	1825
1741	4	1775	1776	1827	1826
1742	4	1776	1777	1828	1827
1743	4	1777	1778	1829	1828
1744	4	1778	1779	1830	1829
1745	4	1779	1780	1831	1830
1746	4	1780	1781	1832	1831
1747	4	1781	1782	1833	1832
1748	4	1782	1783	1834	1833
1749	4	1783	1784	1835	1834
1750	4	1784	1785	1836	1835
1751	4	1786	1787	1838	1837
1752	4	1787	1788	1839	1838
1753	4	1788	1789	1840	1839
1754	4	1789	1790	1841	1840
1755	4	1790	1791	1842	1841
1756	4	1791	1792	1843	1842
1757	4	1792	1793	1844	1843
1758	4	1793	1794	1845	1844
1759	4	1794	1795	1846	1845
1760	4	1795	1796	1847	1846
1761	4	1796	1797	1848	1847
1762	4	1797	1798	1849	1848
1763	4	1798	1799	1850	1849
1764	4	1799	1800	1851	1850
1765	4	1800	1801	1852	1851
1766	4	1801	1802	1853	1852
1767	4	1802	1803	1854	1853
1768	4	1803	1804	1855	1854
1769	4	1804	1805	1856	1855
1770	4	1805	1806	1857	1856
1771	4	1806	1807	1858	1857
1772	4	1807	1808	1859	1858
1773	4	1808	1809	1860	1859
1774	4	1809	1810	1861	1860
1775	4	1810	1811	1862	1861
1776	4	1811	1812	1863	1862
1777	4	1812	1813	1864	1863
1778	4	1813	1814	1865	1864
1779	4	1814	1815	1866	1865
1780	4	1815	1816	1867	1866
1781	4	1816	1817	1868	1867
1782	4	1817	1818	1869	1868
1783	4	1818	1819	1870	1869
1784	4	1819	1820	1871	1870
1785	4	1820	1821	1872	1871
1786	4	1821	1822	1873	1872
1787	4	1822	1823	1874	1873
1788	4	1823	1824	1875	1874
1789	4	1824	1825	1876	1875
1790	4	1825	1826	1877	1876
1791	4	1826	1827	1878	1877
1792	4	1827	1828	1879	1878
1793	4	1828	1829	1880	1879
1794	4	1829	1830	1881	1880
1795	4	1830	1831	1882	1881
1796	4	1831	1832	1883	1882
1797	4	1832	1833	1884	1883
1798	4	1833	1834	1885	1884
1799	4	1834	1835	1886	1885
1800	4	1835	1836	1887	1886
1801	4	1837	1838	1889	1888
1802	4	1838	1839	1890	1889
1803	4	1839	1840	1891	1890
1804	4	1840	1841	1892	1891
1805	4	1841	1842	1893	1892
1806	4	1842	1843	1894	1893
1807	4	1843	1844	1895	1894
1808	4	1844	1845	1896	1895
1809	4	1845	1846	1897	1896
1810	4	1846	1847	1898	1897
1811	4	1847	1848	1899	1898
1812	4	1848	1849	1900	1899
1813	4	1849	1850	1901	1900
1814	4	1850	1851	1902	1901
1815	4	1851	1852	1903	1902
1816	4	1852	1853	1904	1903
1817	4	1853	1854	1905	1904
1818	4	1854	1855	1906	1905
1819	4	1855	1856	1907	1906
1820	4	1856	1857	1908	1907
1821	4	1857	1858	1909	1908
1822	4	1858	1859	1910	1909
1823	4	1859	1860	1911	1910
1824	4	1860	1861	1912	1911
1825	4	1861	1862	1913	1912
1826	4	1862	1863	1914	1913
1827	4	1863	1864	1915	1914
1828	4	1864	1865	1916	1915
1829	4	1865	1866	1917	1916
1830	4	1866	1867	1918	1917
1831	4	1867	1868	1919	1918
1832	4	1868	1869	1920	1919
1833	4	1869	1870	1921	1920
1834	4	1870	1871	1922	1921
1835	4	1871	1872	1923	1922
1836	4	1872	1873	1924	1923
1837	4	1873	1874	1925	1924
1838	4	1874	1875	1926	1925
1839	4	1875	1876	1927	1926
1840	4	1876	1877	1928	1927
1841	4	1877	1878	1929	1928
1842	4	1878	1879	1930	1929
1843	4	1879	1880	1931	1930
1844	4	1880	1881	1932	1931
1845	4	1881	1882	1933	1932
1846	4	1882	1883	1934	1933
1847	4	1883	1884	1935	1934
1848	4	1884	1885	1936	1935
1849	4	1885	1886	1937	1936
1850	4	1886	1887	1938	1937
1851	4	1888	1889	1940	1939
1852	4	1889	1890	1941	1940
1853	4	1890	1891	1942	1941
1854	4	1891	1892	1943	1942
1855	4	1892	1893	1944	1943
1856	4	1893	1894	1945	1944
1857	4	1894	1895	1946	1945
1858	4	1895	1896	1947	1946
1859	4	1896	1897	1948	1947
1860	4	1897	1898	1949	1948
1861	4	1898	1899	1950	1949
1862	4	1899	1900	1951	1950
1863	4	1900	1901	1952	1951
1864	4	1901	1902	1953	1952
1865	4	1902	1903	1954	1953
1866	4	1903	1904	1955	1954
1867	4	1904	1905	1956	1955
1868	4	1905	1906	1957	1956
1869	4	1906	1907	1958	1957
1870	4	1907	1908	1959	1958
1871	4	1908	1909	1960	1959
1872	4	1909	1910	1961	1960
1873	4	1910	1911	1962	1961
1874	4	1911	1912	1963	1962
1875	4	1912	1913	1964	1963
1876	4	1913	1914	1965	1964
1877	4	1914	1915	1966	1965
1878	4	1915	1916	1967	1966
1879	4	1916	1917	1968	1967
1880	4	1917	1918	1969	1968
1881	4	1918	1919	1970	1969
1882	4	1919	1920	1971	1970
1883	4	1920	1921	1972	1971
1884	4	1921	1922	1973	1972
1885	4	1922	1923	1974	1973
1886	4	1923	1924	1975	1974
1887	4	1924	1925	1976	1975
1888	4	1925	1926	1977	1976
1889	4	1926	1927	1978	1977
1890	4	1927	1928	1979	1978
1891	4	1928	1929	1980	1979
1892	4	1929	1930	1981	1980
1893	4	1930	1931	1982	1981
1894	4	1931	1932	1983	1982
1895	4	1932	1933	1984	1983
1896	4	1933	1934	1985	1984
1897	4	1934	1935	1986	1985
1898	4	1935	1936	1987	1986
1899	4	1936	1937	1988	1987
1900	4	1937	1938	1989	1988
1901	4	1939	1940	1991	1990
1902	4	1940	1941	1992	1991
1903	4	1941	1942	1993	1992
1904	4	1942	1943	1994	1993
1905	4	1943	1944	1995	1994
1906	4	1944	1945	1996	1995
1907	4	1945	1946	1997	1996
1908	4	1946	1947	1998	1997
1909	4	1947	1948	1999	1998
1910	4	1948	1949	2000	1999
1911	4	1949	1950	2001	2000
1912	4	1950	1951	2002	2001
1913	4	1951	1952	2003	2002
1914	4	1952	1953	2004	2003
1915	4	1953	1954	2005	2004
1916	4	1954	1955	2006	2005
1917	4	1955	1956	2007	2006
1918	4	1956	1957	2008	2007
1919	4	1957	1958	2009	2008
1920	4	1958	1959	2010	2009
1921	4	1959	1960	2011	2010
1922	4	1960	1961	2012	2011
1923	4	1961	1962	2013	2012
1924	4	1962	1963	2014	2013
1925	4	1963	1964	2015	2014
1926	4	1964	1965	2016	2015
1927	4	1965	1966	2017	2016
1928	4	1966	1967	2018	2017
1929	4	1967	1968	2019	2018
1930	4	1968	1969	2020	2019
1931	4	1969	1970	2021	2020
1932	4	1970	1971	2022	2021
1933	4	1971	1972	2023	2022
1934	4	1972	1973	2024	2023
1935	4	1973	1974	2025	2024
1936	4	1974	1975	2026	2025
1937	4	1975	1976	2027	2026
1938	4	1976	1977	2028	2027
1939	4	1977	1978	2029	2028
1940	4	1978	1979	2030	2029
1941	4	1979	1980	2031	2030
1942	4	1980	1981	2032	2031
1943	4	1981	1982	2033	2032
1944	4	1982	1983	2034	2033
1945	4	1983	1984	2035	2034
1946	4	1984	1985	2036	2035
1947	4	1985	1986	2037	2036
1948	4	1986	1987	2038	2037
1949	4	1987	1988	2039	2038
1950	4	1988	1989	2040	2039
1951	4	1990	1991	2042	2041
1952	4	1991	1992	2043	2042
1953	4	1992	1993	2044	2043
1954	4	1993	1994	2045	2044
1955	4	1994	1995	2046	2045
1956	4	1995	1996	2047	2046
1957	4	1996	1997	2048	2047
1958	4	1997	1998	2049	2048
1959	4	1998	1999	2050	2049
1960	4	1999	2000	2051	2050
1961	4	2000	2001	2052	2051
1962	4	2001	2002	2053	2052
1963	4	2002	2003	2054	2053
1964	4	2003	2004	2055	2054
1965	4	2004	2005	2056	2055
1966	4	2005	2006	2057	2056
1967	4	2006	2007	2058	2057
1968	4	2007	2008	2059	2058
1969	4	2008	2009	2060	2059
1970	4	2009	2010	2061	2060
1971	4	2010	2011	2062	2061
1972	4	2011	2012	2063	2062
1973	4	2012	2013	2064	2063
1974	4	2013	2014	2065	2064
1975	4	2014	2015	2066	2065
1976	4	2015	2016	2067	2066
1977	4	2016	2017	2068	2067
1978	4	2017	2018	2069	2068
1979	4	2018	2019	2070	2069
1980	4	2019	2020	2071	2070
1981	4	2020	2021	2072	2071
1982	4	2021	2022	2073	2072
1983	4	2022	2023	2074	2073
1984	4	2023	2024	2075	2074
1985	4	2024	2025	2076	2075
1986	4	2025	2026	2077	2076
1987	4	2026	2027	2078	2077
1988	4	2027	2028	2079	2078
1989	4	2028	2029	2080	2079
1990	4	2029	2030	2081	2080
1991	4	2030	2031	2082	2081
1992	4	2031	2032	2083	2082
1993	4	2032	2033	2084	2083
1994	4	2033	2034	2085	2084
1995	4	2034	2035	2086	2085
1996	4	2035	2036	2087	2086
1997	4	2036	2037	2088	2087
1998	4	2037	2038	2089	2088
1999	4	2038	2039	2090	2089
2000	4	2039	2040	2091	2090
2001	4	2041	2042	2093	2092
2002	4	2042	2043	2094	2093
2003	4	2043	2044	2095	2094
2004	4	2044	2045	2096	2095
2005	4	2045	2046	2097	2096
2006	4	2046	2047	2098	2097
2007	4	2047	2048	2099	2098
2008	4	2048	2049	2100	2099
2009	4	2049	2050	2101	2100
2010	4	2050	2051	2102	2101
2011	4	2051	2052	2103	2102
2012	4	2052	2053	2104	2103
2013	4	2053	2054	2105	2104
2014	4	2054	2055	2106	2105
2015	4	2055	2056	2107	2106
2016	4	2056	2057	2108	2107
2017	4	2057	2058	2109	2108
2018	4	2058	2059	2110	2109
2019	4	2059	2060	2111	2110
2020	4	2060	2061	2112	2111
2021	4	2061	2062	2113	2112
2022	4	2062	2063	2114	2113
2023	4	2063	2064	2115	2114
2024	4	2064	2065	2116	2115
2025	4	2065	2066	2117	2116
2026	4	2066	2067	2118	2117
2027	4	2067	2068	2119	2118
2028	4	2068	2069	2120	2119
2029	4	2069	2070	2121	2120
2030	4	2070	2071	2122	2121
2031	4	2071	2072	2123	2122
2032	4	2072	2073	2124	2123
2033	4	2073	2074	2125	2124
2034	4	2074	2075	2126	2125
2035	4	2075	2076	2127	2126
2036	4	2076	2077	2128	2127
2037	4	2077	2078	2129	2128
2038	4	2078	2079	2130	2129
2039	4	2079	2080	2131	2130
2040	4	2080	2081	2132	2131
2041	4	2081	2082	2133	2132
2042	4	2082	2083	2134	2133
2043	4	2083	2084	2135	2134
2044	4	2084	2085	2136	2135
2045	4	2085	2086	2137	2136
2046	4	2086	2087	2138	2137
2047	4	2087	2088	2139	2138
2048	4	2088	2089	2140	2139
2049	4	2089	2090	2141	2140
2050	4	2090	2091	2142	2141
2051	4	2092	2093	2144	2143
2052	4	2093	2094	2145	2144
2053	4	2094	2095	2146	2145
2054	4	2095	2096	2147	2146
2055	4	2096	2097	2148	2147
2056	4	2097	2098	2149	2148
2057	4	2098	2099	2150	2149
2058	4	2099	2100	2151	2150
2059	4	2100	2101	2152	2151
2060	4	2101	2102	2153	2152
2061	4	2102	2103	2154	2153
2062	4	2103	2104	2155	2154
2063	4	2104	2105	2156	2155
2064	4	2105	2106	2157	2156
2065	4	2106	2107	2158	2157
2066	4	2107	2108	2159	2158
2067	4	2108	2109	2160	2159
2068	4	2109	2110	2161	2160
2069	4	2110	2111	2162	2161
2070	4	2111	2112	2163	2162
2071	4	2112	2113	2164	2163
2072	4	2113	2114	2165	2164
2073	4	2114	2115	2166	2165
2074	4	2115	2116	2167	2166
2075	4	2116	2117	2168	2167
2076	4	2117	2118	2169	2168
2077	4	2118	2119	2170	2169
2078	4	2119	2120	2171	2170
2079	4	2120	2121	2172	2171
2080	4	2121	2122	2173	2172
2081	4	2122	2123	2174	2173
2082	4	2123	2124	2175	2174
2083	4	2124	2125	2176	2175
2084	4	2125	2126	2177	2176
2085	4	2126	2127	2178	2177
2086	4	2127	2128	2179	2178
2087	4	2128	2129	2180	2179
2088	4	2129	2130	2181	2180
2089	4	2130	2131	2182	2181
2090	4	2131	2132	2183	2182
2091	4	2132	2133	2184	2183
2092	4	2133	2134	2185	2184
2093	4	2134	2135	2186	2185
2094	4	2135	2136	2187	2186
2095	4	2136	2137	2188	2187
2096	4	2137	2138	2189	2188
2097	4	2138	2139	2190	2189
2098	4	2139	2140	2191	2190
2099	4	2140	2141	2192	2191
2100	4	2141	2142	2193	2192
2101	4	2143	2144	2195	2194
2102	4	2144	2145	2196	2195
2103	4	2145	2146	2197	2196
2104	4	2146	2147	2198	2197
2105	4	2147	2148	2199	2198
2106	4	2148	2149	2200	2199
2107	4	2149	2150	2201	2200
2108	4	2150	2151	2202	2201
2109	4	2151	2152	2203	2202
2110	4	2152	2153	2204	2203
2111	4	2153	2154	2205	2204
2112	4	2154	2155	2206	2205
2113	4	2155	2156	2207	2206
2114	4	2156	2157	2208	2207
2115	4	2157	2158	2209	2208
2116	4	2158	2159	2210	2209
2117	4	2159	2160	2211	2210
2118	4	2160	2161	2212	2211
2119	4	2161	2162	2213	2212
2120	4	2162	2163	2214	2213
2121	4	2163	2164	2215	2214
2122	4	2164	2165	2216	2215
2123	4	2165	2166	2217	2216
2124	4	2166	2167	2218	2217
2125	4	2167	2168	2219	2218
2126	4	2168	2169	2220	2219
2127	4	2169	2170	2221	2220
2128	4	2170	2171	2222	2221
2129	4	2171	2172	2223	2222
2130	4	2172	2173	2224	2223
2131	4	2173	2174	2225	2224
2132	4	2174	2175	2226	2225
2133	4	2175	2176	2227	2226
2134	4	2176	2177	2228	2227
2135	4	2177	2178	2229	2228
2136	4	2178	2179	2230	2229
2137	4	2179	2180	2231	2230
2138	4	2180	2181	2232	2231
2139	4	2181	2182	2233	2232
2140	4	2182	2183	2234	2233
2141	4	2183	2184	2235	2234
2142	4	2184	2185	2236	2235
2143	4	2185	2186	2237	2236
2144	4	2186	2187	2238	2237
2145	4	2187	2188	2239	2238
2146	4	2188	2189	2240	2239
2147	4	2189	2190	2241	2240
2148	4	2190	2191	2242	2241
2149	4	2191	2192	2243	2242
2150	4	2192	2193	2244	2243
2151	4	2194	2195	2246	2245
2152	4	2195	2196	2247	2246
2153	4	2196	2197	2248	2247
2154	4	2197	2198	2249	2248
2155	4	2198	2199	2250	2249
2156	4	2199	2200	2251	2250
2157	4	2200	2201	2252	2251
2158	4	2201	2202	2253	2252
2159	4	2202	2203	2254	2253
2160	4	2203	2204	2255	2254
2161	4	2204	2205	2256	2255
2162	4	2205	2206	2257	2256
2163	4	2206	2207	2258	2257
2164	4	2207	2208	2259	2258
2165	4	2208	2209	2260	2259
2166	4	2209	2210	2261	2260
2167	4	2210	2211	2262	2261
2168	4	2211	2212	2263	2262
2169	4	2212	2213	2264	2263
2170	4	2213	2214	2265	2264
2171	4	2214	2215	2266	2265
2172	4	2215	2216	2267	2266
2173	4	2216	2217	2268	2267
2174	4	2217	2218	2269	2268
2175	4	2218	2219	2270	2269
2176	4	2219	2220	2271	2270
2177	4	2220	2221	2272	2271
2178	4	2221	2222	2273	2272
2179	4	2222	2223	2274	2273
2180	4	2223	2224	2275	2274
2181	4	2224	2225	2276	2275
2182	4	2225	2226	2277	2276
2183	4	2226	2227	2278	2277
2184	4	2227	2228	2279	2278
2185	4	2228	2229	2280	2279
2186	4	2229	2230	2281	2280
2187	4	2230	2231	2282	2281
2188	4	2231	2232	2283	2282
2189	4	2232	2233	2284	2283
2190	4	2233	2234	2285	2284
2191	4	2234	2235	2286	2285
2192	4	2235	2236	2287	2286
2193	4	2236	2237	2288	2287
2194	4	2237	2238	2289	2288
2195	4	2238	2239	2290	2289
2196	4	2239	2240	2291	2290
2197	4	2240	2241	2292	2291
2198	4	2241	2242	2293	2292
2199	4	2242	2243	2294	2293
2200	4	2243	2244	2295	2294
2201	4	2245	2246	2297	2296
2202	4	2246	2247	2298	2297
2203	4	2247	2248	2299	2298
2204	4	2248	2249	2300	2299
2205	4	2249	2250	2301	2300
2206	4	2250	2251	2302	2301
2207	4	2251	2252	2303	2302
2208	4	2252	2253	2304	2303
2209	4	2253	2254	2305	2304
2210	4	2254	2255	2306	2305
2211	4	2255	2256	2307	2306
2212	4	2256	2257	2308	2307
2213	4	2257	2258	2309	2308
2214	4	2258	2259	2310	2309
2215	4	2259	2260	2311	2310
2216	4	2260	2261	2312	2311
2217	4	2261	2262	2313	2312
2218	4	2262	2263	2314	2313
2219	4	2263	2264	2315	2314
2220	4	2264	2265	2316	2315
2221	4	2265	2266	2317	2316
2222	4	2266	2267	2318	2317
2223	4	2267	2268	2319	2318
2224	4	2268	2269	2320	2319
2225	4	2269	2270	2321	2320
2226	4	2270	2271	2322	2321
2227	4	2271	2272	2323	2322
2228	4	2272	2273	2324	2323
2229	4	2273	2274	2325	2324
2230	4	2274	2275	2326	2325
2231	4	2275	2276	2327	2326
2232	4	2276	2277	2328	2327
2233	4	2277	2278	2329	2328
2234	4	2278	2279	2330	2329
2235	4	2279	2280	2331	2330
2236	4	2280	2281	2332	2331
2237	4	2281	2282	2333	2332
2238	4	2282	2283	2334	2333
2239	4	2283	2284	2335	2334
2240	4	2284	2285	2336	2335
2241	4	2285	2286	2337	2336
2242	4	2286	2287	2338	2337
2243	4	2287	2288	2339	2338
2244	4	2288	2289	2340	2339
2245	4	2289	2290	2341	2340
2246	4	2290	2291	2342	2341
2247	4	2291	2292	2343	2342
2248	4	2292	2293	2344	2343
2249	4	2293	2294	2345	2344
2250	4	2294	2295	2346	2345
2251	4	2296	2297	2348	2347
2252	4	2297	2298	2349	2348
2253	4	2298	2299	2350	2349
2254	4	2299	2300	2351	2350
2255	4	2300	2301	2352	2351
2256	4	2301	2302	2353	2352
2257	4	2302	2303	2354	2353
2258	4	2303	2304	2355	2354
2259	4	2304	2305	2356	2355
2260	4	2305	2306	2357	2356
2261	4	2306	2307	2358	2357
2262	4	2307	2308	2359	2358
2263	4	2308	2309	2360	2359
2264	4	2309	2310	2361	2360
2265	4	2310	2311	2362	2361
2266	4	2311	2312	2363	2362
2267	4	2312	2313	2364	2363
2268	4	2313	2314	2365	2364
2269	4	2314	2315	2366	2365
2270	4	2315	2316	2367	2366
2271	4	2316	2317	2368	2367
2272	4	2317	2318	2369	2368
2273	4	2318	2319	2370	2369
2274	4	2319	2320	2371	2370
2275	4	2320	2321	2372	2371
2276	4	2321	2322	2373	2372
2277	4	2322	2323	2374	2373
2278	4	2323	2324	2375	2374
2279	4	2324	2325	2376	2375
2280	4	2325	2326	2377	2376
2281	4	2326	2327	2378	2377
2282	4	2327	2328	2379	2378
2283	4	2328	2329	2380	2379
2284	4	2329	2330	2381	2380
2285	4	2330	2331	2382	2381
2286	4	2331	2332	2383	2382
2287	4	2332	2333	2384	2383
2288	4	2333	2334	2385	2384
2289	4	2334	2335	2386	2385
2290	4	2335	2336	2387	2386
2291	4	2336	2337	2388	2387
2292	4	2337	2338	2389	2388
2293	4	2338	2339	2390	2389
2294	4	2339	2340	2391	2390
2295	4	2340	2341	2392	2391
2296	4	2341	2342	2393	2392
2297	4	2342	2343	2394	2393
2298	4	2343	2344	2395	2394
2299	4	2344	2345	2396	2395
2300	4	2345	2346	2397	2396
2301	4	2347	2348	2399	2398
2302	4	2348	2349	2400	2399
2303	4	2349	2350	2401	2400
2304	4	2350	2351	2402	2401
2305	4	2351	2352	2403	2402
2306	4	2352	2353	2404	2403
2307	4	2353	2354	2405	2404
2308	4	2354	2355	2406	2405
2309	4	2355	2356	2407	2406
2310	4	2356	2357	2408	2407
2311	4	2357	2358	2409	2408
2312	4	2358	2359	2410	2409
2313	4	2359	2360	2411	2410
2314	4	2360	2361	2412	2411
2315	4	2361	2362	2413	2412
2316	4	2362	2363	2414	2413
2317	4	2363	2364	2415	2414
2318	4	2364	2365	2416	2415
2319	4	2365	2366	2417	2416
2320	4	2366	2367	2418	2417
2321	4	2367	2368	2419	2418
2322	4	2368	2369	2420	2419
2323	4	2369	2370	2421	2420
2324	4	2370	2371	2422	2421
2325	4	2371	2372	2423	2422
2326	4	2372	2373	2424	2423
2327	4	2373	2374	2425	2424
2328	4	2374	2375	2426	2425
2329	4	2375	2376	2427	2426
2330	4	2376	2377	2428	2427
2331	4	2377	2378	2429	2428
2332	4	2378	2379	2430	2429
2333	4	2379	2380	2431	2430
2334	4	2380	2381	2432	2431
2335	4	2381	2382	2433	2432
2336	4	2382	2383	2434	2433
2337	4	2383	2384	2435	2434
2338	4	2384	2385	2436	2435
2339	4	2385	2386	2437	2436
2340	4	2386	2387	2438	2437
2341	4	2387	2388	2439	2438
2342	4	2388	2389	2440	2439
2343	4	2389	2390	2441	2440
2344	4	2390	2391	2442	2441
2345	4	2391	2392	2443	2442
2346	4	2392	2393	2444	2443
2347	4	2393	2394	2445	2444
2348	4	2394	2395	2446	2445
2349	4	2395	2396	2447	2446
2350	4	2396	2397	2448	2447
2351	4	2398	2399	2450	2449
2352	4	2399	2400	2451	2450
2353	4	2400	2401	2452	2451
2354	4	2401	2402	2453	2452
2355	4	2402	2403	2454	2453
2356	4	2403	2404	2455	2454
2357	4	2404	2405	2456	2455
2358	4	2405	2406	2457	2456
2359	4	2406	2407	2458	2457
2360	4	2407	2408	2459	2458
2361	4	2408	2409	2460	2459
2362	4	2409	2410	2461	2460
2363	4	2410	2411	2462	2461
2364	4	2411	2412	2463	2462
2365	4	2412	2413	2464	2463
2366	4	2413	2414	2465	2464
2367	4	2414	2415	2466	2465
2368	4	2415	2416	2467	2466
2369	4	2416	2417	2468	2467
2370	4	2417	2418	2469	2468
2371	4	2418	2419	2470	2469
2372	4	2419	2420	2471	2470
2373	4	2420	2421	2472	2471
2374	4	2421	2422	2473	2472
2375	4	2422	2423	2474	2473
2376	4	2423	2424	2475	2474
2377	4	2424	2425	2476	2475
2378	4	2425	2426	2477	2476
2379	4	2426	2427	2478	2477
2380	4	2427	2428	2479	2478
2381	4	2428	2429	2480	2479
2382	4	2429	2430	2481	2480
2383	4	2430	2431	2482	2481
2384	4	2431	2432	2483	2482
2385	4	2432	2433	2484	2483
2386	4	2433	2434	2485	2484
2387	4	2434	2435	2486	2485
2388	4	2435	2436	2487	2486
2389	4	2436	2437	2488	2487
2390	4	2437	2438	2489	2488
2391	4	2438	2439	2490	2489
2392	4	2439	2440	2491	2490
2393	4	2440	2441	2492	2491
2394	4	2441	2442	2493	2492
2395	4	2442	2443	2494	2493
2396	4	2443	2444	2495	2494
2397	4	2444	2445	2496	2495
2398	4	2445	2446	2497	2496
2399	4	2446	2447	2498	2497
2400	4	2447	2448	2499	2498
2401	4	2449	2450	2501	2500
2402	4	2450	2451	2502	2501
2403	4	2451	2452	2503	2502
2404	4	2452	2453	2504	2503
2405	4	2453	2454	2505	2504
2406	4	2454	2455	2506	2505
2407	4	2455	2456	2507	2506
2408	4	2456	2457	2508	2507
2409	4	2457	2458	2509	2508
2410	4	2458	2459	2510	2509
2411	4	2459	2460	2511	2510
2412	4	2460	2461	2512	2511
2413	4	2461	2462	2513	2512
2414	4	2462	2463	2514	2513
2415	4	2463	2464	2515	2514
2416	4	2464	2465	2516	2515
2417	4	2465	2466	2517	2516
2418	4	2466	2467	2518	2517
2419	4	2467	2468	2519	2518
2420	4	2468	2469	2520	2519
2421	4	2469	2470	2521	2520
2422	4	2470	2471	2522	2521
2423	4	2471	2472	2523	2522
2424	4	2472	2473	2524	2523
2425	4	2473	2474	2525	2524
2426	4	2474	2475	2526	2525
2427	4	2475	2476	2527	2526
2428	4	2476	2477	2528	2527
2429	4	2477	2478	2529	2528
2430	4	2478	2479	2530	2529
2431	4	2479	2480	2531	2530
2432	4	2480	2481	2532	2531
2433	4	2481	2482	2533	2532
2434	4	2482	2483	2534	2533
2435	4	2483	2484	2535	2534
2436	4	2484	2485	2536	2535
2437	4	2485	2486	2537	2536
2438	4	2486	2487	2538	2537
2439	4	2487	2488	2539	2538
2440	4	2488	2489	2540	2539
2441	4	2489	2490	2541	2540
2442	4	2490	2491	2542	2541
2443	4	2491	2492	2543	2542
2444	4	2492	2493	2544	2543
2445	4	2493	2494	2545	2544
2446	4	2494	2495	2546	2545
2447	4	2495	2496	2547	2546
2448	4	2496	2497	2548	2547
2449	4	2497	2498	2549	2548
2450	4	2498	2499	2550	2549
2451	4	2500	2501	2552	2551
2452	4	2501	2502	2553	2552
2453	4	2502	2503	2554	2553
2454	4	2503	2504	2555	2554
2455	4	2504	2505	2556	2555
2456	4	2505	2506	2557	2556
2457	4	2506	2507	2558	2557
2458	4	2507	2508	2559	2558
2459	4	2508	2509	2560	2559
2460	4	2509	2510	2561	2560
2461	4	2510	2511	2562	2561
2462	4	2511	2512	2563	2562
2463	4	2512	2513	2564	2563
2464	4	2513	2514	2565	2564
2465	4	2514	2515	2566	2565
2466	4	2515	2516	2567	2566
2467	4	2516	2517	2568	2567
2468	4	2517	2518	2569	2568
2469	4	2518	2519	2570	2569
2470	4	2519	2520	2571	2570
2471	4	2520	2521	2572	2571
2472	4	2521	2522	2573	2572
2473	4	2522	2523	2574	2573
2474	4	2523	2524	2575	2574
2475	4	2524	2525	2576	2575
2476	4	2525	2526	2577	2576
2477	4	2526	2527	2578	2577
2478	4	2527	2528	2579	2578
2479	4	2528	2529	2580	2579
2480	4	2529	2530	2581	2580
2481	4	2530	2531	2582	2581
2482	4	2531	2532	2583	2582
2483	4	2532	2533	2584	2583
2484	4	2533	2534	2585	2584
2485	4	2534	2535	2586	2585
2486	4	2535	2536	2587	2586
2487	4	2536	2537	2588	2587
2488	4	2537	2538	2589	2588
2489	4	2538	2539	2590	2589
2490	4	2539	2540	2591	2590
2491	4	2540	2541	2592	2591
2492	4	2541	2542	2593	2592
2493	4	2542	2543	2594	2593
2494	4	2543	2544	2595	2594
2495	4	2544	2545	2596	2595
2496	4	2545	2546	2597	2596
2497	4	2546	2547	2598	2597
2498	4	2547	2548	2599	2598
2499	4	2548	2549	2600	2599
2500	4	2549	2550	2601	2600
No._nodes_with_prescribed_DOFs: 88
Node_#, DOF#, Value:
2551	2	0.01
2552	2	0.01
2553	2	0.01
2554	2	0.01
2555	2	0.01
2556	2	0.01
2557	2	0.01
2558	2	0.01
2559	2	0.01
2560	2	0.01
2561	2	0.01
2562	2	0.01
2563	2	0.01
2564	2	0.01
2565	2	0.01
2566	2	0.01
2567	2	0.01
2568	2	0.01
2569	2	0.01
2570	2	0.01
2571	2	0.01
2572	2	0.01
2573	2	0.01
2574	2	0.01
2575	2	0.01
2576	2	0.01
2577	2	0.01
2578	2	0.01
2579	2	0.01
2580	2	0.01
2581	2	0.01
2582	2	0.01
2583	2	0.01
2584	2	0.01
2585	2	0.01
2586	2	0.01
2587	2	0.01
2588	2	0.01
2589	2	0.01
2590	2	0.01
2591	2	0.01
2592	2	0.01
2593	2	0.01
2594	2	0.01
2595	2	0.01
2596	2	0.01
2597	2	0.01
2598	2	0.01
2599	2	0.01
2600	2	0.01
2601	2	0.01
16	2	0
17	2	0
18	2	0
19	2	0
20	2	0
21	2	0
22	2	0
23	2	0
24	2	0
25	2	0
26	2	0
27	2	0
28	2	0
29	2	0
30	2	0
31	2	0
32	2	0
33	2	0
34	2	0
35	2	0
36	2	0
37	2	0
38	2	0
39	2	0
40	2	0
41	2	0
42	2	0
43	2	0
44	2	0
45	2	0
46	2	0
47	2	0
48	2	0
49	2	0
50	2	0
51	2	0
51 	1	0